Sampling rate=500
1877
1867
1855
1846
1834
1823
1814
1805
1795
1788
1780
1774
1769
1763
1759
1755
1752
1748
1745
1743
1741
1740
1741
1740
1743
1746
1749
1753
1756
1759
1766
1770
1775
1782
1790
1795
1803
1813
1822
1834
1842
1853
1865
1874
1884
1895
1903
1914
1926
1935
1946
1958
1967
1978
1989
1998
2006
2014
2022
2030
2034
2040
2048
2053
2060
2066
2071
2076
2080
2083
2086
2090
2090
2091
2091
2094
2095
2094
2095
2095
2095
2095
2093
2091
2090
2086
2083
2079
2076
2073
2070
2067
2065
2062
2058
2055
2050
2044
2040
2034
2028
2024
2018
2013
2007
2003
1998
1992
1987
1981
1974
1967
1962
1954
1947
1942
1935
1932
1927
1924
1918
1915
1911
1906
1903
1898
1896
1892
1889
1887
1887
1886
1885
1886
1884
1884
1882
1882
1881
1879
1878
1877
1876
1876
1874
1874
1871
1870
1867
1864
1860
1856
1850
1846
1839
1835
1831
1828
1823
1819
1816
1811
1807
1803
1799
1796
1791
1789
1786
1787
1786
1786
1786
1787
1788
1788
1789
1790
1790
1790
1792
1793
1794
1795
1797
1798
1799
1798
1797
1797
1792
1790
1786
1783
1781
1778
1775
1775
1774
1775
1775
1778
1782
1788
1794
1803
1814
1827
1844
1864
1884
1907
1932
1958
1985
2014
2041
2070
2098
2125
2152
2179
2207
2233
2256
2279
2302
2321
2338
2356
2368
2381
2392
2404
2412
2420
2428
2435
2440
2445
2450
2452
2454
2455
2457
2455
2455
2457
2454
2454
2454
2452
2450
2447
2444
2439
2435
2428
2422
2415
2407
2401
2391
2383
2375
2365
2356
2343
2334
2319
2306
2292
2280
2266
2252
2239
2226
2214
2199
2186
2172
2159
2143
2130
2115
2100
2087
2072
2059
2046
2034
2022
2008
1997
1982
1970
1957
1942
1930
1918
1904
1894
1881
1870
1859
1849
1838
1826
1816
1807
1795
1784
1774
1764
1758
1748
1741
1735
1727
1722
1714
1708
1703
1695
1691
1686
1681
1679
1675
1674
1672
1671
1671
1671
1670
1669
1670
1670
1671
1672
1674
1678
1682
1686
1692
1695
1702
1707
1713
1719
1724
1731
1738
1746
1754
1764
1771
1781
1791
1802
1810
1818
1826
1835
1842
1850
1860
1866
1875
1883
1891
1900
1907
1914
1920
1927
1931
1935
1941
1945
1948
1955
1958
1961
1964
1966
1967
1969
1969
1967
1967
1966
1964
1963
1962
1960
1959
1957
1954
1951
1948
1944
1939
1934
1930
1924
1921
1915
1911
1908
1903
1899
1895
1887
1882
1876
1870
1863
1856
1851
1845
1839
1835
1830
1826
1820
1815
1810
1806
1800
1795
1792
1787
1786
1782
1782
1779
1779
1778
1778
1778
1775
1777
1775
1775
1776
1775
1777
1778
1781
1783
1782
1783
1782
1782
1781
1779
1777
1775
1774
1770
1767
1765
1763
1759
1755
1751
1746
1743
1738
1732
1727
1723
1720
1717
1716
1715
1714
1714
1714
1714
1714
1714
1716
1719
1722
1723
1729
1731
1737
1740
1743
1748
1752
1754
1755
1756
1756
1758
1759
1758
1759
1758
1758
1759
1756
1755
1755
1753
1754
1754
1755
1759
1765
1773
1782
1794
1807
1822
1839
1858
1877
1898
1922
1944
1970
1998
2023
2052
2079
2106
2131
2157
2180
2202
2223
2244
2263
2280
2298
2314
2326
2340
2354
2364
2374
2382
2389
2395
2401
2406
2411
2415
2420
2426
2428
2432
2436
2436
2439
2439
2439
2440
2438
2438
2437
2435
2434
2432
2431
2429
2424
2419
2415
2407
2399
2391
2383
2377
2367
2359
2350
2341
2331
2319
2310
2300
2286
2275
2263
2250
2239
2227
2216
2207
2195
2187
2177
2166
2158
2147
2138
2127
2120
2114
2106
2099
2094
2088
2085
2079
2075
2070
2064
2060
2054
2049
2044
2040
2036
2031
2028
2024
2020
2015
2010
2006
2000
1994
1990
1984
1980
1975
1972
1967
1965
1963
1961
1958
1955
1952
1950
1949
1946
1946
1947
1947
1949
1951
1951
1956
1958
1961
1964
1967
1971
1975
1981
1988
1996
2004
2011
2020
2030
2039
2049
2058
2070
2078
2090
2098
2110
2120
2131
2142
2154
2164
2174
2183
2191
2200
2207
2215
2222
2226
2233
2239
2244
2247
2251
2254
2255
2255
2255
2255
2252
2251
2250
2247
2246
2246
2243
2242
2240
2238
2234
2232
2230
2226
2223
2221
2218
2218
2214
2213
2212
2210
2207
2204
2199
2198
2194
2191
2187
2184
2183
2178
2176
2174
2171
2167
2163
2158
2154
2149
2146
2140
2136
2131
2127
2125
2121
2117
2114
2110
2105
2101
2096
2094
2088
2086
2083
2081
2079
2078
2076
2074
2073
2070
2068
2066
2063
2062
2059
2058
2058
2055
2055
2054
2051
2050
2046
2044
2040
2036
2031
2029
2024
2023
2018
2015
2012
2008
2004
2000
1996
1991
1988
1984
1983
1979
1977
1976
1976
1975
1975
1976
1977
1976
1978
1976
1976
1978
1977
1978
1980
1980
1982
1982
1984
1982
1982
1982
1979
1977
1978
1974
1974
1974
1974
1975
1975
1978
1981
1984
1989
1992
1999
2009
2018
2031
2044
2060
2078
2097
2119
2138
2160
2183
2204
2227
2250
2271
2292
2314
2335
2356
2374
2391
2406
2422
2435
2445
2455
2465
2470
2477
2484
2489
2494
2497
2502
2503
2506
2507
2507
2509
2511
2510
2511
2511
2515
2516
2518
2519
2523
2522
2522
2522
2521
2520
2517
2514
2512
2508
2506
2499
2494
2486
2478
2469
2456
2446
2432
2418
2406
2390
2375
2360
2347
2334
2316
2303
2288
2271
2257
2243
2228
2214
2202
2190
2179
2168
2159
2149
2140
2131
2122
2113
2102
2095
2087
2077
2070
2063
2054
2047
2039
2031
2022
2013
2005
1997
1986
1976
1967
1959
1951
1944
1937
1930
1923
1918
1910
1903
1896
1890
1884
1879
1876
1872
1870
1869
1868
1867
1867
1867
1867
1868
1870
1871
1874
1878
1884
1887
1895
1901
1909
1916
1924
1931
1939
1946
1955
1964
1973
1983
1992
2003
2014
2023
2034
2044
2054
2063
2072
2080
2091
2098
2106
2117
2125
2135
2142
2150
2158
2164
2170
2176
2180
2186
2189
2194
2199
2203
2207
2212
2214
2216
2218
2219
2220
2219
2219
2218
2218
2218
2215
2215
2214
2213
2211
2210
2206
2204
2198
2196
2191
2188
2186
2182
2179
2176
2174
2173
2167
2163
2160
2154
2150
2143
2140
2137
2132
2130
2126
2123
2119
2115
2112
2107
2102
2098
2093
2089
2085
2080
2078
2076
2074
2070
2067
2063
2060
2056
2053
2051
2048
2046
2043
2042
2042
2039
2039
2039
2036
2035
2032
2030
2028
2026
2024
2023
2022
2021
2020
2020
2018
2016
2014
2012
2010
2006
2002
1999
1998
1994
1993
1991
1990
1987
1983
1981
1978
1975
1974
1973
1970
1970
1971
1968
1970
1972
1972
1974
1976
1975
1976
1978
1976
1977
1976
1978
1978
1978
1979
1979
1978
1976
1975
1972
1968
1967
1964
1964
1965
1964
1966
1972
1976
1982
1988
1997
2008
2019
2031
2046
2063
2082
2102
2123
2144
2167
2191
2213
2235
2258
2278
2300
2319
2339
2358
2375
2394
2409
2424
2437
2450
2460
2469
2477
2483
2490
2494
2501
2503
2507
2510
2514
2516
2516
2517
2517
2517
2518
2514
2513
2511
2510
2510
2508
2505
2503
2502
2496
2492
2487
2479
2474
2468
2460
2454
2447
2439
2431
2422
2414
2404
2394
2382
2371
2359
2347
2335
2323
2312
2300
2289
2277
2266
2253
2240
2227
2214
2200
2187
2175
2162
2150
2139
2128
2116
2106
2094
2083
2071
2060
2047
2036
2026
2015
2005
1996
1986
1976
1967
1959
1950
1941
1932
1922
1914
1906
1898
1890
1886
1879
1873
1870
1863
1859
1856
1851
1847
1844
1839
1838
1838
1836
1838
1839
1839
1840
1843
1843
1845
1847
1850
1853
1856
1860
1866
1871
1877
1886
1891
1898
1905
1912
1920
1926
1934
1943
1949
1959
1970
1978
1987
1997
2006
2014
2023
2031
2039
2045
2053
2060
2067
2076
2083
2090
2095
2103
2109
2113
2118
2122
2125
2127
2130
2133
2136
2138
2140
2143
2142
2143
2143
2141
2140
2137
2134
2131
2129
2127
2123
2122
2119
2115
2111
2108
2104
2100
2095
2090
2086
2082
2078
2074
2070
2066
2063
2059
2054
2048
2043
2038
2031
2026
2019
2015
2011
2006
2002
1999
1994
1989
1984
1980
1975
1972
1967
1964
1962
1959
1958
1958
1956
1955
1955
1953
1951
1950
1948
1947
1946
1946
1946
1946
1947
1946
1945
1944
1942
1941
1938
1935
1932
1930
1927
1923
1920
1919
1915
1911
1908
1902
1898
1894
1887
1883
1879
1874
1871
1870
1867
1867
1864
1864
1865
1864
1863
1863
1863
1864
1866
1866
1869
1871
1874
1875
1877
1879
1878
1877
1876
1875
1873
1871
1870
1867
1866
1864
1862
1861
1860
1859
1857
1858
1858
1860
1863
1869
1876
1886
1898
1910
1926
1942
1959
1978
1998
2019
2041
2063
2086
2108
2132
2156
2178
2201
2222
2242
2260
2277
2292
2307
2320
2334
2346
2355
2366
2374
2382
2390
2395
2399
2405
2407
2410
2411
2413
2415
2415
2418
2420
2420
2421
2421
2420
2418
2416
2413
2410
2408
2403
2400
2396
2392
2390
2382
2378
2371
2362
2354
2344
2335
2326
2314
2305
2294
2284
2274
2263
2251
2239
2227
2214
2202
2188
2176
2163
2151
2141
2127
2117
2107
2095
2084
2074
2062
2051
2038
2028
2018
2006
1996
1987
1976
1967
1957
1947
1938
1926
1916
1906
1895
1886
1876
1868
1859
1850
1843
1836
1828
1822
1814
1806
1799
1793
1787
1782
1778
1775
1770
1768
1766
1763
1759
1759
1756
1754
1752
1752
1751
1751
1751
1753
1754
1757
1758
1759
1762
1763
1764
1767
1769
1773
1775
1781
1785
1790
1797
1802
1808
1815
1820
1826
1833
1839
1846
1854
1861
1870
1877
1885
1892
1900
1907
1911
1919
1925
1929
1934
1940
1944
1950
1954
1959
1964
1967
1972
1972
1974
1974
1975
1975
1975
1975
1976
1975
1976
1975
1974
1972
1970
1967
1964
1961
1958
1954
1950
1946
1943
1939
1936
1932
1928
1923
1918
1914
1907
1902
1896
1892
1887
1882
1878
1874
1870
1867
1860
1855
1852
1846
1841
1836
1833
1830
1826
1825
1821
1819
1818
1815
1813
1810
1809
1807
1806
1806
1807
1806
1807
1810
1812
1814
1814
1816
1818
1815
1816
1817
1816
1815
1814
1813
1813
1810
1807
1804
1799
1795
1789
1784
1778
1773
1768
1764
1759
1756
1753
1751
1749
1745
1742
1742
1738
1738
1738
1738
1739
1742
1744
1748
1750
1754
1756
1759
1762
1763
1765
1766
1767
1769
1770
1772
1773
1773
1774
1774
1771
1769
1768
1764
1763
1762
1761
1762
1763
1764
1769
1771
1775
1783
1790
1798
1808
1821
1835
1852
1869
1890
1909
1931
1954
1975
1998
2022
2043
2063
2085
2106
2125
2144
2163
2180
2197
2212
2228
2238
2250
2262
2269
2277
2283
2291
2299
2303
2310
2318
2321
2327
2330
2332
2335
2338
2340
2341
2343
2343
2345
2348
2349
2348
2349
2350
2347
2344
2342
2338
2334
2330
2324
2319
2314
2310
2303
2295
2290
2282
2271
2263
2254
2242
2232
2222
2212
2203
2194
2183
2175
2164
2153
2143
2131
2122
2111
2101
2091
2083
2075
2066
2059
2052
2046
2040
2033
2026
2022
2015
2010
2006
2002
1999
1997
1995
1995
1991
1989
1986
1984
1982
1978
1976
1973
1971
1970
1967
1967
1966
1965
1962
1962
1959
1956
1953
1952
1949
1949
1947
1947
1947
1947
1950
1948
1949
1950
1948
1951
1951
1951
1955
1958
1962
1967
1972
1978
1984
1990
1996
2002
2008
2015
2023
2031
2039
2050
2058
2070
2079
2090
2098
2107
2118
2124
2133
2142
2148
2156
2164
2172
2180
2188
2194
2200
2205
2209
2213
2215
2218
2220
2222
2223
2227
2228
2228
2230
2231
2230
2227
2225
2223
2221
2216
2214
2212
2209
2207
2207
2202
2200
2196
2193
2190
2186
2181
2178
2175
2172
2171
2167
2165
2164
2160
2158
2157
2152
2149
2148
2143
2140
2136
2135
2133
2130
2129
2127
2124
2122
2119
2116
2114
2110
2108
2106
2104
2103
2104
2102
2102
2103
2101
2100
2098
2098
2097
2096
2095
2095
2097
2096
2098
2097
2096
2096
2094
2091
2090
2085
2082
2079
2075
2074
2069
2067
2063
2059
2055
2050
2046
2040
2036
2031
2028
2023
2022
2020
2018
2015
2015
2014
2015
2012
2012
2012
2011
2012
2014
2018
2018
2021
2024
2026
2028
2031
2030
2031
2034
2033
2034
2033
2032
2034
2034
2036
2034
2034
2034
2034
2034
2033
2034
2035
2039
2044
2050
2059
2067
2079
2092
2103
2118
2134
2150
2168
2185
2204
2224
2245
2268
2287
2307
2326
2346
2363
2379
2394
2408
2422
2434
2444
2455
2464
2472
2480
2486
2492
2495
2500
2501
2505
2503
2506
2505
2506
2506
2507
2507
2507
2507
2506
2506
2502
2499
2498
2494
2492
2488
2487
2487
2482
2479
2474
2470
2466
2458
2452
2446
2438
2430
2424
2415
2407
2400
2391
2383
2374
2363
2351
2342
2332
2319
2308
2298
2287
2279
2267
2258
2248
2237
2227
2215
2205
2194
2183
2173
2164
2153
2143
2136
2127
2119
2110
2100
2091
2082
2074
2063
2054
2046
2038
2031
2023
2018
2010
2003
1998
1990
1983
1976
1970
1965
1958
1953
1951
1947
1944
1942
1940
1938
1935
1932
1931
1929
1928
1927
1927
1927
1930
1932
1934
1938
1939
1941
1943
1947
1951
1953
1958
1962
1967
1974
1980
1987
1995
2002
2008
2015
2023
2028
2036
2042
2050
2058
2065
2072
2080
2088
2095
2101
2108
2112
2117
2122
2126
2131
2134
2139
2143
2148
2152
2155
2157
2159
2159
2161
2162
2162
2160
2162
2162
2162
2162
2162
2159
2159
2156
2154
2151
2147
2143
2140
2137
2135
2131
2127
2127
2122
2119
2115
2111
2105
2100
2095
2090
2084
2079
2076
2070
2067
2062
2058
2054
2046
2042
2037
2029
2023
2020
2014
2010
2005
2001
1997
1994
1989
1984
1980
1978
1972
1967
1965
1962
1961
1960
1958
1959
1959
1959
1958
1957
1957
1956
1956
1956
1955
1956
1959
1958
1959
1958
1958
1956
1955
1951
1949
1947
1943
1941
1938
1934
1932
1930
1927
1926
1922
1919
1917
1912
1909
1907
1905
1906
1903
1903
1904
1905
1906
1907
1908
1908
1909
1910
1910
1910
1912
1914
1915
1917
1917
1918
1918
1918
1915
1913
1911
1908
1905
1903
1901
1897
1896
1895
1893
1892
1892
1892
1894
1896
1901
1908
1916
1927
1940
1955
1971
1988
2006
2027
2046
2066
2087
2106
2126
2147
2166
2186
2206
2223
2241
2256
2271
2284
2296
2307
2316
2324
2332
2340
2346
2352
2357
2362
2367
2369
2371
2373
2374
2375
2374
2374
2376
2375
2375
2378
2376
2376
2375
2374
2371
2368
2366
2362
2358
2354
2351
2347
2342
2338
2332
2328
2319
2312
2306
2295
2287
2279
2269
2260
2251
2242
2233
2223
2214
2206
2194
2183
2174
2159
2150
2140
2128
2119
2109
2101
2091
2082
2072
2062
2054
2043
2033
2024
2015
2006
1998
1991
1982
1975
1968
1959
1951
1944
1934
1926
1918
1910
1903
1896
