Sampling rate=500
1750
1740
1729
1719
1709
1700
1692
1684
1678
1672
1670
1665
1662
1659
1660
1656
1655
1655
1658
1659
1663
1668
1673
1681
1688
1698
1706
1716
1727
1738
1750
1762
1776
1789
1804
1819
1836
1851
1867
1884
1900
1914
1930
1943
1959
1972
1987
2001
2014
2028
2042
2055
2066
2077
2087
2098
2106
2114
2124
2131
2138
2145
2152
2159
2164
2169
2174
2176
2178
2178
2179
2179
2179
2179
2177
2175
2174
2172
2167
2164
2159
2153
2147
2139
2132
2124
2118
2110
2103
2095
2091
2082
2075
2067
2059
2050
2042
2034
2026
2018
2012
2004
1999
1992
1986
1980
1974
1967
1961
1955
1947
1941
1935
1931
1926
1921
1918
1914
1910
1903
1902
1896
1893
1890
1885
1882
1880
1878
1876
1875
1872
1871
1869
1866
1863
1859
1855
1850
1846
1842
1838
1833
1829
1825
1817
1812
1806
1800
1792
1786
1778
1772
1766
1761
1756
1752
1748
1746
1742
1740
1736
1734
1732
1730
1729
1728
1730
1729
1731
1733
1732
1732
1734
1732
1731
1730
1728
1726
1724
1722
1721
1720
1719
1720
1718
1717
1718
1719
1720
1724
1728
1735
1746
1759
1774
1791
1813
1837
1862
1890
1920
1951
1986
2022
2059
2098
2137
2176
2216
2255
2292
2330
2362
2394
2424
2453
2476
2500
2523
2540
2556
2571
2583
2594
2602
2609
2612
2615
2618
2617
2616
2616
2614
2612
2610
2609
2606
2602
2599
2595
2591
2588
2581
2577
2572
2568
2562
2558
2553
2547
2540
2532
2523
2515
2504
2495
2481
2470
2458
2446
2430
2417
2401
2386
2370
2351
2334
2316
2297
2279
2260
2241
2222
2204
2186
2168
2150
2131
2114
2095
2077
2059
2041
2023
2005
1990
1972
1957
1943
1926
1911
1896
1879
1863
1849
1831
1816
1803
1787
1774
1759
1746
1732
1719
1705
1690
1677
1663
1651
1636
1623
1611
1602
1590
1580
1572
1562
1554
1546
1539
1531
1526
1520
1516
1514
1512
1512
1513
1515
1518
1521
1525
1530
1534
1539
1548
1553
1562
1574
1583
1595
1609
1621
1635
1648
1662
1676
1690
1706
1721
1736
1751
1769
1786
1802
1818
1834
1848
1862
1876
1887
1899
1911
1920
1931
1940
1950
1958
1966
1974
1978
1982
1986
1989
1990
1991
1991
1992
1991
1991
1991
1990
1988
1987
1982
1978
1974
1970
1962
1958
1951
1946
1941
1935
1930
1925
1919
1914
1906
1898
1891
1884
1877
1870
1863
1857
1851
1846
1839
1834
1827
1822
1814
1807
1802
1798
1792
1788
1786
1782
1779
1776
1774
1772
1770
1767
1765
1764
1762
1762
1762
1761
1762
1763
1764
1765
1765
1766
1764
1764
1762
1761
1758
1756
1756
1753
1751
1749
1745
1743
1737
1731
1726
1721
1715
1709
1703
1698
1693
1690
1684
1682
1678
1674
1672
1667
1665
1664
1663
1663
1664
1666
1669
1673
1676
1679
1684
1687
1691
1695
1698
1701
1704
1707
1711
1714
1717
1720
1722
1724
1724
1722
1722
1722
1721
1719
1721
1722
1724
1729
1734
1741
1750
1759
1772
1786
1803
1822
1844
1870
1896
1926
1956
1991
2023
2058
2092
2127
2160
2194
2225
2259
2289
2318
2347
2375
2399
2424
2446
2468
2486
2503
2518
2533
2546
2558
2570
2580
2591
2599
2607
2615
2621
2626
2630
2631
2634
2635
2634
2635
2635
2634
2631
2630
2626
2621
2615
2609
2603
2594
2584
2575
2567
2558
2549
2540
2530
2520
2509
2498
2486
2474
2461
2447
2438
2424
2411
2399
2388
2376
2364
2353
2339
2327
2315
2303
2289
2277
2265
2255
2243
2232
2224
2213
2203
2193
2183
2172
2162
2152
2141
2131
2122
2112
2104
2094
2085
2075
2066
2055
2044
2033
2023
2011
2002
1991
1983
1974
1965
1958
1950
1942
1934
1928
1920
1914
1909
1907
1903
1900
1899
1901
1901
1902
1903
1907
1908
1911
1915
1918
1922
1927
1935
1941
1949
1958
1967
1975
1985
1995
2005
2013
2024
2034
2046
2056
2069
2082
2095
2108
2119
2132
2144
2155
2166
2176
2188
2198
2208
2218
2228
2238
2248
2255
2264
2271
2277
2282
2286
2290
2293
2296
2299
2301
2302
2304
2305
2304
2303
2301
2298
2294
2292
2287
2282
2278
2274
2269
2264
2259
2254
2247
2242
2234
2228
2220
2214
2207
2202
2196
2191
2185
2181
2174
2169
2163
2157
2151
2144
2138
2132
2127
2122
2116
2110
2106
2102
2094
2088
2082
2076
2070
2064
2060
2054
2050
2047
2044
2040
2038
2036
2031
2030
2026
2024
2020
2017
2015
2015
2014
2012
2012
2008
2008
2006
2005
2001
1999
1995
1994
1988
1986
1983
1981
1975
1972
1967
1965
1958
1954
1948
1942
1935
1931
1927
1923
1918
1916
1915
1912
1910
1909
1905
1904
1903
1903
1903
1903
1906
1910
1911
1914
1917
1919
1922
1924
1924
1926
1927
1927
1928
1931
1931
1933
1934
1935
1937
1938
1940
1943
1944
1949
1954
1962
1972
1983
1998
2014
2033
2054
2076
2099
2124
2151
2179
2208
2239
2271
2304
2335
2366
2399
2427
2456
2483
2510
2531
2554
2574
2591
2610
2626
2639
2654
2663
2674
2682
2687
2694
2695
2698
2702
2702
2703
2703
2706
2703
2703
2703
2702
2698
2694
2690
2686
2680
2675
2670
2667
2659
2652
2646
2639
2631
2623
2614
2602
2590
2579
2568
2555
2542
2530
2518
2503
2491
2478
2465
2448
2434
2420
2401
2387
2371
2358
2342
2328
2315
2302
2287
2274
2260
2244
2231
2219
2203
2190
2178
2164
2152
2140
2127
2116
2104
2091
2079
2066
2054
2040
2028
2015
2007
1994
1983
1972
1962
1951
1941
1931
1919
1910
1900
1890
1882
1875
1868
1862
1858
1854
1848
1845
1840
1838
1835
1832
1831
1832
1831
1832
1836
1839
1842
1846
1852
1856
1861
1866
1871
1878
1886
1895
1903
1912
1922
1932
1943
1953
1963
1972
1982
1991
2002
2011
2022
2032
2044
2055
2067
2076
2087
2095
2105
2113
2121
2129
2138
2143
2152
2159
2167
2172
2180
2186
2191
2195
2198
2200
2203
2205
2206
2207
2209
2210
2211
2213
2210
2211
2209
2206
2203
2199
2198
2193
2191
2187
2186
2181
2179
2175
2171
2167
2162
2159
2151
2146
2143
2136
2133
2129
2127
2122
2118
2115
2110
2106
2102
2098
2092
2089
2086
2084
2082
2079
2078
2075
2074
2071
2071
2067
2064
2062
2062
2060
2059
2059
2060
2061
2062
2062
2063
2063
2062
2063
2062
2063
2063
2066
2066
2067
2069
2071
2071
2072
2071
2072
2071
2071
2072
2072
2074
2076
2077
2081
2084
2088
2091
2095
2099
2103
2107
2113
2119
2123
2131
2139
2146
2154
2162
2170
2176
2182
2190
2194
2199
2204
2210
2213
2218
2222
2227
2230
2232
2235
2238
2238
2239
2241
2243
2246
2251
2258
2262
2270
2279
2291
2301
2313
2327
2342
2359
2379
2402
2422
2447
2474
2499
2527
2555
2582
2610
2639
2663
2688
2711
2735
2759
2778
2799
2820
2834
2851
2866
2875
2886
2898
2903
2911
2916
2922
2927
2932
2936
2939
2942
2944
2946
2948
2946
2946
2945
2944
2942
2942
2940
2938
2935
2933
2927
2923
2916
2911
2900
2891
2883
2870
2859
2850
2838
2826
2811
2799
2783
2766
2748
2731
2713
2692
2673
2654
2634
2614
2594
2575
2552
2531
2509
2487
2465
2443
2422
2399
2378
2358
2340
2319
2301
2283
2264
2247
2230
2214
2195
2179
2165
2150
2136
2123
2112
2101
2091
2079
2071
2059
2049
2039
2030
2020
2011
2004
1998
1990
1982
1975
1967
1960
1953
1946
1936
1930
1923
1914
1908
1903
1896
1890
1885
1882
1875
1870
1865
1861
1856
1852
1851
1848
1847
1848
1850
1850
1852
1855
1858
1860
1864
1869
1873
1878
1884
1891
1899
1908
1918
1924
1933
1942
1950
1956
1964
1970
1978
1984
1991
1999
2004
2010
2015
2021
2024
2027
2031
2031
2031
2034
2035
2035
2035
2036
2035
2035
2034
2033
2031
2028
2025
2022
2018
2015
2012
2010
2007
2006
2001
1999
1996
1993
1990
1985
1980
1975
1970
1967
1962
1958
1955
1950
1946
1940
1937
1930
1923
1918
1912
1903
1896
1892
1884
1879
1873
1867
1860
1854
1847
1839
1832
1826
1820
1814
1810
1804
1800
1798
1792
1789
1786
1782
1778
1774
1770
1766
1762
1759
1758
1753
1751
1748
1745
1740
1735
1730
1723
1718
1711
1706
1698
1693
1687
1682
1678
1673
1668
1664
1659
1654
1650
1646
1643
1641
1639
1639
1639
1639
1640
1640
1642
1641
1642
1642
1642
1643
1644
1646
1646
1647
1648
1650
1648
1647
1646
1644
1640
1638
1634
1631
1628
1626
1623
1622
1622
1622
1623
1624
1627
1630
1636
1643
1655
1667
1683
1701
1722
1743
1768
1794
1822
1850
1879
1908
1938
1967
1998
2029
2058
2087
2115
2142
2166
2190
2211
2230
2248
2266
2278
2292
2306
2316
2327
2338
2344
2351
2357
2363
2366
2368
2371
2371
2373
2374
2376
2375
2375
2375
2374
2372
2368
2365
2359
2354
2350
2343
2336
2331
2325
2316
2308
2301
2291
2282
2271
2258
2246
2234
2223
2210
2197
2184
2172
2159
2149
2134
2121
2108
2094
2081
2068
2056
2042
2030
2019
2008
1998
1987
1975
1966
1954
1943
1930
1919
1908
1897
1887
1878
1867
1858
1847
1838
1828
1817
1807
1796
1787
1775
1767
1758
1748
1740
1732
1724
1716
1708
1701
1693
1684
1676
1671
1662
1658
1654
1648
1646
1643
1642
1638
1636
1636
1633
1631
1631
1632
1634
1636
1640
1643
1647
1652
1656
1662
1666
1671
1678
1683
1690
1699
1706
1715
1726
1735
1745
1756
1766
1775
1786
1795
1804
1815
1823
1834
1844
1855
1864
1874
1885
1891
1899
1906
1913
1918
1924
1930
1934
1938
1943
1950
1951
1954
1957
1959
1958
1959
1958
1958
1955
1954
1954
1951
1950
1948
1946
1942
1938
1935
1931
1926
1920
1916
1910
1906
1902
1899
1895
1891
1887
1882
1877
1871
1866
1862
1856
1852
1847
1844
1839
1838
1836
1831
1828
1823
1821
1816
1813
1809
1807
1803
1801
1799
1799
1798
1796
1795
1793
1791
1790
1787
1783
1782
1780
1776
1775
1772
1771
1767
1765
1763
1758
1753
1750
1747
1742
1739
1736
1732
1730
1726
1724
1720
1716
1714
1708
1704
1700
1695
1694
1692
1689
1688
1688
1689
1688
1689
1690
1692
1693
1694
1697
1699
1702
1707
1710
1715
1718
1721
1724
1727
1729
1730
1730
1731
1730
1731
1731
1731
1731
1732
1730
1729
1728
1727
1728
1727
1728
1731
1735
1742
1750
1761
1772
1787
1803
1820
1839
1862
1883
1908
1934
1959
1989
2018
2048
2076
2105
2135
2162
2187
2212
2236
2259
2279
2301
2319
2339
2358
2374
2389
2404
2415
2427
2439
2447
2455
2463
2473
2479
2487
2494
2500
2506
2511
2515
2518
2521
2521
2522
2522
2523
2522
2521
2519
2518
2515
2513
2508
2503
2499
2489
2482
2475
2465
2456
2447
2439
2429
2420
2412
2399
2389
2378
2367
2354
2343
2331
2319
2308
2298
2287
2277
2267
2258
2248
2238
2227
2218
2206
2197
2190
2179
2171
2164
2157
2149
2142
2135
2127
2118
2110
2102
2094
2087
2078
2071
2065
2058
2050
2044
2036
2028
2019
2012
2004
1998
1988
1982
1974
1969
1965
1961
1955
1951
1947
1942
1939
1935
1935
1930
1930
1929
1928
1929
1930
1932
1932
1934
1935
1938
1941
1944
1948
1953
1959
1967
1974
1984
1994
2003
2014
2024
2037
2046
2056
2068
2079
2091
2104
2118
2129
2140
2155
2164
2175
2186
2194
2203
2212
2222
2230
2238
2247
2252
2260
2267
2272
2277
2282
2285
2285
2286
2287
2289
2287
2287
2289
2287
2286
2283
2281
2275
2271
2267
2259
2254
2248
2242
2238
2231
2228
2220
2215
2208
2202
2195
2187
2183
2175
2168
2164
2160
2155
2151
2149
2147
2143
2139
2136
2133
2131
2127
2126
2124
2124
2123
2122
2123
2122
2120
2119
2119
2118
2115
2112
2112
2111
2110
2109
2109
2110
2108
2107
2106
2103
2101
2099
2096
2094
2091
2088
2086
2085
2082
2078
2077
2071
2067
2062
2058
2051
2046
2039
2034
2029
2026
2020
2015
2011
2008
2002
1998
1994
1989
1986
1983
1982
1980
1980
1980
1982
1983
1983
1986
1987
1990
1990
1991
1995
1996
1999
2002
2004
2007
2011
2012
2013
2014
2014
2013
2014
2011
2011
2011
2010
2010
2010
2012
2014
2015
2015
2020
2025
2031
2038
2048
2060
2073
2090
2108
2126
2147
2170
2190
2213
2236
2260
2283
2308
2331
2355
2379
2399
2422
2442
2461
2478
2492
2507
2519
2530
2540
2549
2558
2567
2572
2578
2584
2586
2588
2591
2591
2591
2591
2591
2591
2591
2590
2591
2590
2590
2588
2590
2584
2582
2578
2574
2570
2566
2562
2558
2554
2548
2542
2535
2527
2522
2511
2503
2491
2482
2472
2460
2450
2440
2428
2417
2406
2392
2381
2367
2356
2341
2327
2314
2301
2288
2276
2263
2251
2241
2227
2214
2202
2189
2176
2164
2151
2140
2130
2118
2108
2099
2088
2078
2069
2058
2047
2038
2028
2018
2011
2001
1994
1988
1981
1975
1968
1963
1958
1951
1948
1942
1937
1934
1930
1928
1928
1926
1925
1925
1923
1923
1923
1923
1922
1922
1924
1926
1928
1932
1935
1940
1946
1950
1954
1960
1964
1970
1976
1982
1989
1996
2004
2013
2022
2030
2039
2048
2057
2063
2071
2079
2087
2097
2103
2111
2121
2127
2137
2143
2151
2157
2162
2168
2173
2176
2182
2186
2191
2194
2199
2204
2206
2207
2211
2210
2210
2207
2211
2207
2208
2210
2207
2206
2206
2206
2202
2199
2198
2193
2190
2187
2182
2178
2175
2170
2166
2163
2158
2153
2148
2143
2135
2129
2124
2115
2110
2104
2098
2092
2087
2079
2074
2068
2063
2055
2048
2044
2036
2031
2028
2024
2021
2019
2015
2012
2010
2007
2004
2001
1999
1995
1993
1991
1990
1989
1988
1988
1986
1986
1982
1980
1978
1974
1972
1970
1967
1966
1964
1962
1962
1960
1958
1955
1953
1951
1946
1943
1941
1937
1935
1934
1930
1928
1927
1925
1923
1920
1917
1915
1914
1911
1910
1910
1910
1910
1912
1914
1914
1915
1914
1914
1914
1914
1912
1912
1913
1911
1911
1911
1910
1910
1909
1906
1903
1902
1900
1899
1898
1899
1900
1903
1908
1914
1922
1934
1942
1955
1970
1983
2002
2020
2042
2063
2087
2111
2137
2164
2188
2214
2236
2259
2282
2303
2325
2343
2363
2382
2398
2414
2426
2439
2451
2459
2467
2473
2479
2487
2488
2494
2497
2501
2504
2506
2508
2509
2507
2510
2509
2506
2504
2503
2500
2499
2499
2495
2492
2490
2484
2479
2474
2466
2459
2454
2443
2435
2427
2420
2410
2403
2391
2382
2371
2359
2348
2337
2326
2313
2301
2289
2278
2267
2255
2243
2231
2220
2207
2194
2181
2168
2156
2143
2131
2121
2110
2099
2088
2076
2067
2054
2042
2031
2018
2007
1997
1987
1976
1967
1958
1949
1940
1930
1921
1914
1903
1894
1886
1878
1870
1864
1858
1854
1849
1844
1841
1837
1834
1831
1827
1823
1823
1822
1823
1823
1823
1826
1827
1831
