Sampling rate=500
1888
1878
1868
1859
1850
1840
1831
1823
1815
1807
1802
1796
1788
1782
1775
1770
1765
1759
1756
1754
1749
1748
1747
1746
1745
1743
1743
1743
1741
1740
1738
1737
1737
1736
1734
1734
1734
1733
1730
1729
1725
1720
1715
1711
1706
1700
1695
1690
1684
1679
1675
1670
1665
1659
1654
1649
1644
1640
1637
1635
1634
1634
1635
1637
1638
1642
1645
1646
1648
1652
1655
1659
1665
1668
1673
1678
1684
1687
1692
1695
1696
1698
1698
1700
1699
1700
1701
1702
1704
1705
1708
1711
1717
1724
1731
1741
1755
1770
1789
1812
1838
1868
1903
1938
1977
2018
2061
2104
2150
2195
2239
2286
2330
2374
2417
2458
2496
2535
2567
2598
2627
2652
2676
2698
2716
2732
2748
2762
2774
2786
2795
2804
2808
2814
2818
2822
2824
2827
2830
2831
2830
2831
2831
2831
2830
2826
2822
2818
2812
2807
2799
2792
2787
2778
2767
2759
2749
2739
2726
2716
2699
2685
2670
2655
2639
2625
2607
2591
2575
2559
2543
2527
2509
2490
2471
2454
2436
2418
2403
2383
2367
2351
2335
2319
2303
2287
2270
2253
2237
2221
2205
2191
2176
2160
2146
2132
2118
2103
2089
2075
2060
2044
2028
2015
1999
1986
1973
1961
1950
1937
1923
1911
1899
1887
1877
1866
1855
1846
1839
1832
1826
1820
1816
1811
1807
1803
1800
1799
1797
1798
1797
1799
1802
1806
1812
1818
1823
1831
1839
1847
1855
1865
1875
1885
1896
1909
1922
1935
1951
1966
1978
1992
2007
2020
2034
2047
2062
2076
2088
2103
2116
2130
2143
2156
2166
2176
2187
2195
2204
2212
2219
2227
2234
2242
2246
2251
2255
2258
2260
2260
2261
2262
2260
2259
2257
2255
2254
2251
2249
2246
2240
2234
2227
2220
2214
2206
2199
2192
2184
2178
2170
2162
2154
2147
2138
2126
2116
2107
2097
2088
2078
2069
2060
2052
2046
2035
2026
2015
2007
1998
1988
1980
1970
1963
1955
1948
1941
1935
1929
1923
1916
1911
1906
1899
1894
1889
1884
1883
1879
1876
1873
1871
1869
1866
1864
1861
1856
1853
1850
1847
1844
1842
1839
1836
1834
1831
1827
1822
1816
1811
1806
1801
1796
1792
1787
1782
1778
1775
1770
1767
1760
1757
1752
1748
1743
1741
1739
1738
1736
1737
1735
1738
1737
1737
1737
1737
1736
1737
1738
1738
1738
1739
1739
1741
1738
1738
1736
1735
1732
1730
1727
1726
1724
1724
1726
1730
1733
1739
1747
1758
1770
1786
1803
1823
1850
1876
1910
1945
1984
2023
2066
2109
2154
2198
2245
2288
2330
2373
2415
2454
2493
2527
2559
2590
2618
2642
2664
2683
2698
2714
2723
2733
2743
2750
2754
2758
2762
2764
2766
2766
2762
2759
2755
2753
2749
2746
2740
2735
2732
2728
2724
2716
2710
2702
2693
2686
2675
2665
2655
2646
2634
2623
2612
2600
2588
2574
2559
2545
2530
2515
2498
2483
2469
2451
2435
2420
2405
2388
2374
2358
2339
2321
2304
2287
2270
2254
2238
2223
2207
2191
2176
2159
2143
2126
2108
2092
2075
2057
2040
2024
2008
1992
1976
1962
1944
1928
1911
1895
1879
1862
1846
1831
1817
1804
1791
1779
1767
1758
1746
1735
1726
1718
1708
1702
1696
1692
1690
1689
1687
1688
1689
1690
1694
1697
1699
1703
1710
1716
1724
1734
1743
1752
1764
1775
1788
1799
1810
1822
1834
1846
1858
1871
1886
1899
1913
1927
1940
1951
1964
1977
1986
1998
2009
2019
2030
2039
2050
2059
2070
2078
2086
2095
2101
2106
2111
2116
2122
2126
2131
2135
2140
2143
2147
2150
2152
2154
2155
2155
2158
2157
2156
2156
2158
2157
2157
2158
2156
2156
2153
2150
2146
2143
2139
2135
2131
2129
2126
2120
2115
2110
2104
2098
2092
2083
2074
2067
2058
2050
2041
2031
2026
2017
2007
1997
1987
1978
1967
1956
1946
1935
1926
1916
1907
1898
1891
1883
1876
1868
1862
1854
1846
1839
1835
1830
1827
1822
1818
1816
1814
1812
1808
1806
1804
1799
1796
1793
1790
1788
1786
1785
1780
1778
1775
1772
1767
1763
1758
1752
1748
1743
1741
1737
1734
1732
1731
1728
1726
1724
1722
1721
1719
1718
1717
1718
1718
1719
1720
1720
1721
1722
1722
1720
1718
1716
1715
1711
1710
1706
1703
1702
1699
1695
1692
1688
1687
1682
1681
1680
1682
1687
1692
1702
1714
1730
1750
1771
1794
1822
1851
1883
1919
1955
1994
2035
2076
2119
2162
2204
2244
2283
2321
2358
2391
2425
2454
2480
2506
2529
2550
2571
2588
2602
2614
2625
2635
2642
2647
2655
2658
2660
2663
2666
2669
2670
2673
2670
2670
2667
2665
2662
2660
2655
2650
2646
2642
2637
2631
2624
2619
2609
2599
2588
2578
2566
2554
2543
2531
2516
2502
2489
2474
2459
2445
2426
2408
2391
2374
2356
2338
2319
2302
2286
2268
2251
2234
2216
2198
2180
2163
2147
2129
2113
2098
2079
2066
2051
2036
2022
2008
1992
1977
1962
1946
1932
1917
1903
1889
1876
1863
1850
1836
1824
1810
1797
1784
1771
1759
1748
1739
1730
1719
1711
1704
1698
1692
1687
1682
1676
1671
1670
1666
1666
1666
1664
1666
1669
1672
1676
1680
1684
1687
1693
1699
1706
1714
1722
1734
1743
1754
1766
1776
1789
1800
1814
1825
1837
1850
1863
1877
1891
1904
1921
1934
1947
1962
1974
1987
1998
2010
2022
2031
2042
2052
2062
2072
2082
2089
2098
2104
2108
2114
2118
2122
2125
2128
2132
2135
2136
2138
2140
2140
2139
2139
2138
2135
2132
2127
2125
2122
2120
2115
2111
2110
2104
2098
2091
2084
2077
2070
2063
2055
2047
2038
2030
2022
2013
2004
1995
1985
1975
1964
1954
1942
1931
1922
1912
1903
1895
1887
1880
1871
1863
1856
1850
1842
1835
1830
1825
1822
1818
1814
1812
1809
1807
1807
1804
1800
1798
1797
1795
1794
1793
1792
1792
1790
1788
1787
1784
1780
1775
1772
1767
1762
1757
1752
1748
1743
1739
1734
1729
1724
1719
1714
1708
1703
1700
1696
1694
1692
1691
1691
1692
1693
1693
1692
1692
1692
1692
1692
1694
1692
1692
1692
1692
1691
1690
1687
1684
1680
1676
1672
1667
1663
1659
1658
1655
1654
1654
1655
1658
1662
1669
1676
1686
1700
1716
1735
1758
1782
1812
1841
1874
1908
1942
1979
2015
2051
2086
2123
2158
2191
2226
2256
2284
2312
2338
2360
2382
2399
2415
2429
2442
2452
2462
2471
2478
2484
2491
2496
2498
2499
2500
2499
2501
2498
2495
2494
2493
2491
2490
2487
2484
2478
2471
2466
2458
2450
2443
2435
2426
2415
2407
2398
2387
2377
2366
2352
2339
2326
2313
2298
2283
2270
2254
2238
2225
2210
2194
2180
2164
2147
2132
2115
2100
2084
2067
2053
2038
2023
2010
1996
1982
1967
1955
1940
1926
1911
1898
1885
1875
1860
1849
1838
1827
1816
1804
1791
1780
1769
1758
1747
1735
1726
1716
1707
1699
1691
1684
1676
1668
1661
1654
1647
1641
1636
1631
1627
1624
1622
1620
1619
1619
1618
1615
1614
1614
1615
1614
1617
1620
1621
1626
1629
1633
1638
1642
1647
1651
1657
1663
1668
1675
1683
1692
1701
1710
1719
1728
1738
1747
1755
1764
1772
1782
1790
1798
1807
1816
1826
1837
1843
1850
1859
1865
1871
1877
1883
1889
1893
1899
1903
1908
1913
1917
1920
1922
1923
1924
1926
1925
1925
1926
1925
1926
1926
1926
1926
1924
1921
1920
1916
1912
1909
1906
1903
1900
1896
1892
1888
1886
1882
1879
1873
1866
1862
1855
1850
1843
1838
1831
1826
1819
1813
1807
1800
1792
1784
1776
1768
1762
1756
1751
1746
1742
1738
1734
1732
1730
1729
1727
1724
1722
1720
1719
1720
1719
1720
1720
1722
1721
1721
1722
1719
1716
1714
1711
1708
1706
1703
1700
1697
1694
1691
1687
1684
1681
1676
1671
1667
1664
1661
1659
1658
1656
1656
1657
1658
1659
1660
1662
1666
1666
1670
1674
1678
1683
1688
1695
1700
1706
1710
1715
1717
1721
1723
1726
1729
1730
1733
1735
1737
1739
1741
1743
1743
1745
1747
1749
1752
1758
1764
1772
1783
1796
1813
1830
1850
1871
1896
1922
1951
1982
2014
2048
2084
2121
2159
2196
2231
2269
2305
2339
2371
2403
2431
2459
2486
2511
2533
2556
2574
2591
2607
2622
2633
2645
2652
2659
2666
2671
2677
2682
2688
2689
2692
2694
2695
2696
2695
2694
2694
2690
2687
2685
2683
2678
2674
2670
2664
2655
2652
2640
2632
2623
2612
2602
2591
2580
2570
2558
2546
2535
2520
2507
2492
2478
2462
2447
2433
2415
2399
2383
2368
2351
2338
2319
2302
2285
2266
2247
2230
2210
2191
2173
2155
2139
2119
2102
2084
2067
2050
2030
2014
1995
1979
1963
1948
1934
1920
1905
1893
1880
1869
1856
1843
1831
1820
1807
1798
1788
1778
1769
1761
1752
1745
1736
1730
1722
1715
1710
1703
1698
1694
1691
1688
1687
1688
1688
1687
1687
1689
1692
1694
1695
1698
1703
1710
1716
1726
1735
1743
1751
1762
1772
1782
1793
1804
1814
1826
1838
1850
1863
1877
1887
1899
1911
1922
1931
1940
1950
1958
1966
1973
1980
1990
1996
2002
2008
2013
2019
2022
2024
2026
2029
2031
2033
2035
2037
2039
2041
2042
2043
2043
2043
2042
2040
2039
2038
2036
2036
2034
2033
2031
2030
2028
2024
2020
2015
2011
2007
2001
1997
1992
1986
1982
1978
1974
1968
1963
1959
1953
1946
1940
1935
1930
1926
1922
1919
1917
1914
1909
1906
1903
1899
1896
1892
1887
1885
1883
1882
1879
1879
1878
1878
1877
1877
1876
1878
1877
1879
1880
1882
1886
1889
1894
1899
1903
1908
1914
1918
1920
1924
1927
1931
1932
1935
1938
1940
1943
1944
1944
1944
1943
1942
1940
1936
1935
1933
1931
1931
1930
1927
1927
1927
1926
1926
1924
1922
1920
1921
1920
1923
1922
1922
1923
1925
1924
1926
1926
1925
1924
1922
1922
1922
1920
1920
1922
1922
1923
1927
1927
1930
1933
1938
1943
1951
1959
1971
1984
1999
2019
2039
2062
2085
2111
2138
2166
2194
2226
2258
2287
2321
2354
2386
2419
2447
2477
2505
2531
2556
2579
2600
2617
2634
2651
2666
2679
2691
2702
2711
2717
2723
2727
2730
2731
2735
2734
2734
2734
2735
2734
2734
2731
2728
2727
2725
2722
2719
2716
2714
2711
2710
2707
2706
2703
2703
2699
2694
2690
2685
2679
2671
2666
2657
2648
2642
2632
2622
2614
2600
2587
2572
2558
2543
2526
2510
2494
2477
2459
2443
2427
2409
2394
2375
2358
2340
2324
2307
2291
2277
2262
2249
2236
2223
2212
2202
2191
2178
2167
2156
2147
2138
2126
2116
2107
2098
2090
2081
2074
2063
2054
2045
2037
2027
2019
2014
2004
1998
1992
1988
1982
1980
1974
1968
1966
1961
1958
1955
1953
1951
1951
1951
1954
1957
1959
1962
1965
1969
1973
1979
1984
1990
1996
2004
2014
2023
2035
2045
2055
2066
2078
2088
2101
2111
2121
2134
2146
2158
2170
2184
2195
2207
2218
2228
2238
2248
2255
2264
2271
2279
2287
2295
2302
2308
2313
2318
2322
2324
2327
2328
2328
2329
2330
2329
2329
2329
2327
2325
2322
2319
2314
2311
2306
2299
2294
2289
2284
2279
2277
2270
2265
2259
2254
2248
2243
2235
2229
2223
2216
2212
2206
2200
2195
2190
2186
2179
2174
2167
2162
2155
2149
2143
2138
2132
2127
2123
2119
2115
2111
2108
2102
2098
2094
2091
2087
2083
2082
2079
2079
2078
2076
2078
2074
2072
2070
2068
2066
2063
2061
2059
2056
2054
2052
2049
2045
2043
2036
2030
2025
2018
2012
2007
1999
1994
1988
1983
1978
1974
1967
1962
1957
1952
1949
1946
1943
1942
1940
1941
1940
1942
1942
1942
1943
1942
1942
1941
1940
1940
1939
1940
1939
1938
1936
1935
1932
1930
1926
1923
1920
1916
1914
1912
1912
1912
1914
1918
1923
1930
1938
1949
1962
1974
1990
2009
2030
2054
2079
2106
2133
2161
2191
2222
2250
2277
2305
2332
2358
2383
2408
2430
2452
2472
2491
2507
2522
2537
2546
2555
2563
2572
2578
2583
2590
2593
2597
2600
2602
2605
2607
2606
2604
2604
2603
2602
2602
2600
2599
2597
2595
2591
2590
2586
2580
2574
2569
2562
2556
2547
2539
2531
2523
2515
2505
2495
2484
2473
2460
2446
2432
2420
2406
2391
2378
2363
2351
2335
2319
2306
2290
2274
2258
2242
2226
2211
2196
2182
2167
2154
2140
2127
2113
2099
2086
2072
2059
2047
2033
2021
2010
1999
1988
1979
1967
1958
1948
1939
1928
1918
1910
1901
1893
1886
1878
1871
1866
1860
1855
1848
1843
1838
1833
1829
1824
1820
1818
1817
1816
1816
1815
1815
1815
1816
1816
1818
1818
1819
1822
1824
1828
1834
1837
1843
1847
1854
1858
1863
1869
1876
1882
1887
1895
1905
1912
1920
1929
1938
1946
1956
1962
1970
1976
1984
1991
1999
2008
2015
2023
2031
2039
2045
2051
2056
2062
2066
2071
2075
2078
2083
2089
2090
2093
2096
2098
2100
2101
2102
2100
2100
2100
2100
2101
2102
2102
2103
2103
2103
2102
2100
2099
2095
2095
2094
2091
2090
2090
2087
2085
2083
2081
2078
2074
2069
2064
2059
2054
2050
2044
2038
2034
2028
2023
2018
2012
2006
1999
1991
1984
1977
1971
1964
1959
1954
1948
1945
1939
1934
1930
1925
1921
1917
1911
1908
1906
1903
1901
1900
1898
1897
1896
1894
1893
1890
1887
1884
1882
1880
1876
1875
1872
1871
1869
1865
1861
1858
1854
1849
1844
1838
1834
1831
1827
1824
1821
1818
1816
1813
1811
1809
1806
1804
1802
1801
1802
1801
1800
1802
1802
1802
1804
1802
1802
1800
1799
1796
1794
1794
1791
1790
1791
1791
1788
1788
1788
1788
1789
1790
1794
1799
1806
1815
1828
1843
1858
1876
1897
1918
1942
1966
1992
2021
2047
2076
2105
2136
2163
2191
2220
2246
2271
2296
2315
2335
2354
2371
2385
2399
2411
2423
2434
2443
2450
2455
2460
2463
2466
2466
2467
2468
2470
2470
2469
2468
2467
2466
2466
2460
2458
2455
2451
2447
2442
2438
2433
2428
2424
2419
2414
2407
2400
2394
2386
2376
2367
2358
2349
2339
2330
2320
2312
2302
2290
2279
2267
2255
2243
2230
2218
2206
2196
2183
2172
2161
2150
2140
2127
2115
2102
2090
2078
2063
2054
2040
2028
2017
2007
1994
1982
1970
1958
1947
1933
1920
1910
1897
1887
1876
1866
1858
1847
1839
1830
1820
1812
1802
1794
1786
1779
1774
1767
1763
1758
1754
1752
1748
1746
1743
1741
1739
1739
1736
1737
1738
1740
1743
1745
1748
1751
1755
1759
1763
1766
1770
1775
1780
1788
1794
1800
1809
1816
1826
1832
1839
1847
1855
1863
1871
1880
1887
1896
1906
1914
1923
1932
1939
1947
1954
1961
1967
1972
1978
1983
1990
1996
2001
2005
2010
2014
2015
2019
2020
2019
2020
2019
2020
2020
2019
2018
2017
2015
2015
2014
2010
2006
2002
1999
1994
1991
1987
1984
1982
1978
1975
1972
1967
1963
1959
1954
1949
1946
1942
1935
1932
1930
1927
1924
1919
1916
1912
1908
1906
