Sampling rate=500
3633
3626
3622
3612
3606
3599
3592
3586
3580
3574
3567
3562
3559
3551
3543
3538
3532
3527
3521
3515
3508
3503
3500
3495
3490
3486
3482
3478
3474
3471
3471
3470
3470
3470
3467
3465
3464
3463
3462
3460
3458
3455
3451
3447
3443
3438
3432
3426
3418
3410
3404
3395
3387
3378
3370
3361
3351
3343
3335
3328
3320
3311
3301
3293
3282
3272
3263
3256
3246
3235
3225
3215
3207
3198
3188
3178
3170
3161
3151
3142
3134
3124
3114
3104
3096
3087
3079
3071
3064
3055
3050
3046
3042
3040
3039
3039
3042
3044
3050
3055
3060
3066
3074
3082
3091
3100
3110
3118
3127
3135
3146
3154
3160
3167
3174
3182
3186
3192
3196
3202
3206
3210
3214
3218
3220
3224
3226
3230
3231
3231
3234
3235
3235
3234
3234
3230
3228
3224
3220
3215
3207
3200
3190
3179
3167
3156
3143
3126
3110
3094
3078
3060
3043
3026
3009
2991
2975
2959
2946
2931
2917
2906
2895
2886
2874
2866
2856
2848
2842
2836
2830
2826
2822
2816
2813
2810
2808
2805
2804
2804
2803
2804
2804
2803
2804
2804
2805
2806
2806
2807
2807
2807
2806
2806
2804
2802
2799
2797
2794
2790
2786
2782
2776
2772
2766
2760
2751
2743
2735
2727
2718
2708
2697
2688
2676
2665
2654
2642
2630
2618
2606
2594
2582
2570
2558
2546
2535
2524
2514
2503
2491
2482
2471
2462
2453
2443
2435
2426
2418
2410
2402
2394
2387
2380
2373
2367
2362
2356
2352
2348
2344
2342
2340
2340
2341
2343
2346
2351
2356
2362
2370
2378
2386
2394
2402
2410
2418
2426
2432
2439
2444
2450
2452
2456
2458
2460
2460
2462
2462
2462
2459
2458
2455
2454
2450
2447
2442
2439
2434
2428
2422
2415
2408
2400
2393
2385
2377
2370
2362
2354
2346
2340
2333
2327
2321
2316
2311
2307
2303
2300
2298
2296
2294
2292
2291
2288
2287
2286
2286
2285
2284
2283
2282
2280
2279
2278
2276
2274
2272
2271
2270
2269
2267
2266
2266
2267
2269
2270
2271
2276
2279
2283
2287
2291
2295
2301
2307
2314
2319
2326
2333
2339
2345
2351
2355
2359
2362
2366
2367
2368
2367
2366
2364
2360
2354
2350
2343
2335
2327
2319
2311
2302
2294
2284
2276
2267
2260
2251
2243
2233
2224
2215
2206
2196
2187
2177
2167
2156
2146
2135
2125
2114
2104
2095
2085
2076
2067
2059
2052
2044
2038
2031
2026
2019
2014
2008
2003
1997
1992
1987
1982
1978
1972
1969
1963
1959
1956
1952
1950
1947
1946
1944
1943
1944
1944
1943
1946
1948
1951
1954
1957
1961
1965
1969
1974
1978
1983
1988
1993
1998
2004
2009
2014
2020
2024
2029
2034
2038
2041
2044
2046
2048
2048
2047
2046
2044
2041
2038
2032
2026
2020
2013
2006
1999
1991
1983
1975
1966
1958
1951
1943
1935
1928
1922
1916
1909
1903
1898
1891
1886
1880
1875
1870
1866
1860
1856
1851
1847
1843
1839
1835
1831
1828
1824
1822
1820
1818
1818
1816
1817
1818
1820
1823
1827
1831
1837
1842
1850
1856
1863
1870
1878
1885
1891
1898
1903
1909
1913
1918
1921
1924
1927
1929
1930
1930
1931
1930
1929
1928
1926
1924
1922
1919
1914
1910
1906
1902
1898
1893
1889
1885
1882
1878
1874
1870
1868
1864
1862
1860
1858
1854
1851
1848
1846
1843
1839
1837
1834
1831
1828
1827
1825
1823
1822
1822
1822
1820
1821
1820
1820
1820
1820
1820
1819
1818
1816
1815
1814
1812
1810
1807
1806
1804
1802
1799
1798
1796
1793
1791
1790
1788
1785
1783
1781
1778
1775
1773
1769
1766
1761
1756
1751
1745
1739
1732
1725
1717
1709
1700
1691
1682
1672
1662
1652
1642
1631
1622
1612
1602
1592
1583
1574
1565
1557
1550
1543
1536
1531
1525
1519
1516
1512
1508
1506
1502
1499
1496
1494
1492
1490
1489
1487
1487
1486
1485
1485
1484
1484
1485
1485
1486
1486
1487
1488
1489
1490
1490
1490
1491
1491
1492
1493
1494
1496
1496
1498
1500
1502
1505
1507
1510
1512
1514
1516
1518
1519
1521
1522
1522
1522
1519
1518
1515
1512
1508
1503
1496
1491
1482
1475
1468
1460
1454
1446
1439
1431
1426
1419
1414
1409
1404
1401
1397
1394
1393
1391
1390
1389
1388
1389
1388
1388
1389
1390
1390
1391
1391
1391
1391
1392
1392
1393
1393
1394
1394
1395
1395
1395
1396
1397
1398
1398
1400
1401
1402
1403
1404
1404
1405
1406
1408
1409
1410
1412
1414
1415
1415
1418
1419
1421
1421
1422
1423
1424
1426
1428
1429
1431
1433
1436
1439
1442
1446
1449
1454
1458
1462
1467
1472
1477
1483
1488
1495
1502
1508
1515
1523
1530
1539
1548
1557
1567
1578
1590
1601
1613
1625
1638
1650
1663
1675
1688
1701
1712
1723
1733
1743
1752
1759
1768
1774
1779
1783
1786
1788
1788
1788
1787
1784
1781
1776
1771
1764
1758
1750
1742
1733
1722
1712
1702
1692
1682
1671
1660
1650
1640
1630
1621
1612
1603
1595
1587
1579
1572
1566
1559
1554
1547
1542
1535
1532
1527
1522
1519
1516
1513
1511
1510
1510
1511
1513
1515
1518
1522
1526
1531
1537
1542
1549
1554
1560
1566
1573
1579
1586
1591
1596
1601
1605
1608
1611
1613
1614
1613
1612
1611
1607
1603
1598
1591
1583
1575
1566
1555
1544
1531
1518
1504
1490
1476
1461
1446
1431
1416
1401
1387
1374
1361
1349
1338
1327
1318
1310
1302
1296
1291
1287
1283
1280
1279
1278
1279
1279
1282
1284
1288
1292
1298
1303
1310
1316
1323
1330
1338
1346
1354
1363
1371
1380
1388
1397
1406
1414
1422
1430
1438
1445
1452
1459
1466
1471
1478
1482
1488
1493
1498
1500
1502
1505
1505
1504
1502
1499
1494
1487
1480
1471
1462
1451
1438
1426
1411
1398
1384
1370
1356
1342
1328
1316
1304
1293
1283
1273
1264
1256
1248
1242
1237
1231
1227
1224
1222
1219
1218
1217
1217
1218
1218
1219
1221
1223
1224
1226
1228
1230
1232
1234
1235
1237
1238
1238
1239
1239
1239
1239
1238
1238
1238
1237
1236
1235
1235
1235
1235
1236
1237
1237
1238
1238
1240
1242
1244
1246
1247
1249
1251
1252
1254
1256
1257
1258
1259
1260
1262
1263
1264
1266
1267
1268
1270
1271
1272
1273
1274
1275
1277
1278
1279
1282
1283
1286
1288
1291
1294
1297
1301
1304
1308
1311
1317
1322
1327
1333
1339
1346
1352
1359
1367
1374
1381
1388
1395
1402
1408
1413
1419
1423
1426
1428
1429
1430
1428
1427
1423
1420
1415
1410
1404
1398
1391
1383
1375
1367
1358
1349
1339
1330
1320
1311
1302
1292
1285
1276
1269
1262
1255
1249
1243
1239
1234
1231
1228
1226
1225
1223
1222
1222
1224
1225
1227
1229
1231
1234
1238
1243
1247
1253
1259
1266
1272
1279
1286
1294
1301
1308
1314
1321
1327
1333
1338
1343
1348
1352
1356
1358
1361
1363
1364
1365
1365
1366
1366
1364
1363
1361
1358
1356
1353
1350
1347
1344
1341
1338
1336
1335
1332
1332
1332
1333
1335
1338
1342
1346
1351
1358
1363
1370
1377
1384
1391
1398
1405
1412
1418
1423
1429
1434
1438
1442
1446
1448
1451
1453
1455
1456
1458
1458
1459
1460
1460
1460
1462
1462
1462
1462
1463
1464
1464
1465
1466
1467
1467
1468
1468
1469
1470
1470
1471
1472
1472
1472
1472
1472
1471
1470
1467
1465
1462
1458
1454
1450
1445
1438
1431
1423
1415
1407
1397
1387
1375
1364
1352
1342
1330
1319
1308
1298
1287
1278
1269
1262
1255
1249
1244
1240
1236
1234
1231
1231
1230
1230
1229
1229
1229
1228
1228
1227
1226
1225
1223
1222
1220
1218
1215
1213
1211
1208
1205
1202
1199
1198
1196
1194
1193
1194
1194
1195
1197
1199
1204
1208
1214
1220
1226
1232
1239
1247
1254
1261
1269
1276
1283
1290
1296
1302
1307
1313
1317
1322
1325
1327
1330
1333
1335
1336
1336
1338
1338
1338
1338
1336
1335
1334
1332
1331
1328
1327
1325
1324
1323
1322
1320
1320
1319
1319
1319
1319
1319
1320
1320
1320
1321
1321
1322
1322
1321
1321
1321
1321
1321
1321
1320
1320
1319
1319
1319
1318
1318
1318
1319
1319
1320
1322
1324
1326
1330
1334
1338
1343
1349
1355
1362
1370
1379
1386
1396
1406
1415
1424
1434
1442
1450
1458
1466
1472
1478
1482
1485
1487
1487
1486
1485
1482
1478
1472
1465
1458
1450
1441
1433
1423
1414
1404
1394
1385
1374
1364
1354
1344
1333
1323
1312
1302
1292
1282
1273
1263
1255
1247
1239
1233
1227
1221
1216
1211
1208
1205
1203
1202
1201
1202
1202
1204
1206
1208
1212
1215
1219
1223
1226
1231
1236
1240
1246
1251
1255
1260
1266
1271
1276
1280
1286
1290
1295
1301
1306
1310
1316
1322
1327
1332
1337
1343
1348
1354
1359
1364
1370
1375
1382
1388
1394
1399
1404
1410
1414
1418
1421
1423
1426
1428
1428
1430
1430
1429
1428
1426
1423
1420
1417
1414
1410
1406
1401
1396
1391
1386
1381
1376
1372
1367
1363
1359
1355
1351
1348
1345
1343
1342
1341
1342
1343
1343
1344
1347
1349
1352
1355
1358
1362
1365
1369
1373
1376
1380
1383
1386
1389
1391
1394
1396
1398
1399
1400
1402
1402
1403
1402
1402
1402
1402
1401
1400
1400
1399
1399
1399
1398
1398
1397
1396
1395
1394
1392
1391
1388
1387
1382
1379
1375
1371
1366
1362
1356
1351
1345
1338
1330
1324
1318
1311
1304
1298
1293
1287
1282
1279
1276
1275
1273
1272
1272
1272
1274
1275
1276
1278
1279
1282
1285
1288
1291
1295
1298
1301
1304
1308
1312
1316
1320
1325
1330
1334
1339
1343
1347
1351
1355
1358
1361
1363
1364
1365
1365
1364
1363
1362
1360
1358
1355
1351
1348
1344
1340
1336
1332
1327
1324
1319
1316
1313
1310
1307
1306
1304
1303
1303
1304
1304
1306
1308
1311
1316
1320
1326
1332
1337
1344
1351
1358
1366
1373
1381
1390
1398
1406
1415
1423
1431
1439
1447
1455
1462
1468
1475
1482
1487
1494
1501
1507
1513
1519
1525
1531
1535
1540
1546
1550
1554
1557
1560
1562
1564
1565
1566
1567
1568
1569
1570
1571
1571
1572
1574
1575
1576
1577
1578
1580
1582
1583
1584
1584
1585
1586
1586
1586
1587
1586
1586
1587
1588
1587
1588
1588
1588
1587
1586
1584
1585
1584
1583
1583
1581
1580
1578
1576
1574
1571
1567
1563
1559
1553
1546
1540
1534
1527
1519
1511
1502
1495
1486
1478
1470
1462
1454
1447
1440
1435
1429
1425
1420
1415
1412
1409
1406
1403
1401
1400
1399
1398
1397
1396
1396
1397
1397
1397
1396
1396
1396
1397
1398
1399
1400
1402
1404
1407
1410
1414
1418
1422
1426
1430
1436
1442
1447
1454
1460
1466
1472
1479
1487
1494
1500
1508
1516
1523
1530
1538
1546
1553
1560
1566
1572
1577
1582
1587
1590
1593
1596
1597
1598
1599
1599
1598
1598
1595
1594
1591
1588
1584
1581
1576
1572
1567
1562
1556
1551
1546
1541
1535
1530
1525
1521
1517
1513
1510
1507
1505
1503
1502
1502
1501
1502
1502
1503
1504
1506
1507
1508
1511
1514
1516
1519
1525
1530
1535
1541
1548
1554
1562
1570
1578
1587
1595
1604
1613
1621
1629
1637
1644
1651
1657
1663
1667
1671
1674
1676
1679
1680
1682
1683
1683
1683
1683
1683
1682
1682
1682
1680
1679
1681
1680
1679
1679
1679
1681
1681
1681
1681
1682
1681
1680
1679
1678
1676
1674
1672
1670
1667
1665
1663
1661
1658
1656
1653
1651
1647
1646
1645
1644
1642
1642
1641
1641
1640
1639
1638
1638
1636
1635
1633
1631
1630
1628
1626
1623
1620
1617
1614
1610
1607
1603
1598
1593
1588
1583
1578
1572
1567
1562
1558
1552
1548
1544
1539
1536
1532
1529
1526
1524
1522
1519
1518
1517
1516
1514
1513
1513
1512
1511
1511
1511
1511
1511
1511
1510
1510
1511
1511
1511
1511
1511
1511
1511
1512
1511
1511
1511
1511
1511
1510
1510
1509
1508
1507
1506
1506
1505
1503
1503
1501
1499
1498
1497
1496
1494
1494
1492
1491
1490
1490
1487
1487
1487
1486
1486
1485
1484
1483
1482
1481
1479
1478
1477
1475
1475
1473
1472
1471
1470
1471
1470
1470
1469
1469
1469
1470
1471
1472
1474
1474
1476
1478
1481
1483
1486
1490
1493
1497
1501
1506
1510
1513
1517
1521
1524
1528
1531
1535
1537
1540
1543
1546
1548
1551
1554
1557
1559
1562
1563
1566
1567
1570
1571
1572
1573
1574
1574
1575
1575
1575
1575
1574
1574
1572
1572
1571
1570
1569
1568
1567
1567
1567
1567
1566
1566
1565
1564
1563
1563
1563
1562
1562
1562
1563
1564
1565
1566
1567
1569
1571
1572
1575
1576
1578
1580
1583
1586
1587
1588
1591
1593
1595
1598
1599
1602
1603
1605
1606
1608
1610
1611
1611
1612
1612
1611
1610
1608
1606
1604
1601
1598
1594
1589
1584
1580
1574
1568
1564
1558
1551
1546
1540
1535
1530
1526
1521
1517
1513
1510
1506
1503
1500
1499
1497
1495
1493
1492
1491
1490
1489
1487
1487
1487
1486
1485
1485
1484
1484
1485
1485
1485
1486
1487
1487
1489
1490
1491
1492
1492
1492
1493
1493
1493
1492
1493
1492
1492
1491
1491
1491
1490
1490
1490
1490
1488
1488
1487
1487
1487
1487
1487
1487
1488
1488
1488
1489
1488
1489
1488
1488
1488
1488
1488
1489
1489
1489
1490
1490
1490
1490
1491
1491
1492
1494
1495
1496
1498
1499
1500
1502
1504
1507
1509
1511
1514
1517
1520
1524
1527
1531
1534
1538
1541
1544
1547
1551
1554
1556
1559
1561
1564
1565
1568
1570
1574
1576
1579
1582
1586
1588
1593
1596
1599
1602
1606
1608
1611
1614
1616
1617
1618
1618
1618
1617
1615
1614
1612
1609
1606
1602
1598
1595
1590
1585
1579
1574
1567
1562
1556
1550
1543
1537
1532
1526
1521
1517
1512
1507
1503
1500
1497
1493
1490
1487
1485
1483
1482
1479
1477
1476
1473
1470
1468
1465
1462
1458
1455
1452
1449
1446
1442
1439
1435
1432
1428
1425
1423
1420
1417
1415
1412
1411
1410
1408
1408
1407
1407
1407
1408
1408
1409
1410
1411
1412
1414
1415
1415
1417
1418
1419
1419
1419
1419
1420
1419
1419
1419
1419
1418
1418
1416
1415
1414
1412
1410
1409
1408
1407
1405
1405
1403
1402
1402
1401
1402
1402
1402
1402
1402
1402
1403
1402
1403
1403
1403
1402
1402
1402
1401
1400
1399
1399
1398
1396
1396
1395
1394
1392
1392
1392
1392
1393
1394
1395
1396
1398
1401
1404
1408
1412
1418
1423
1429
1436
1443
1451
1459
1466
1474
1482
1491
1500
1508
1517
1526
1534
1542
1550
1558
1564
1571
1578
1582
1586
1591
1594
1596
1599
1599
1599
1598
1597
1595
1592
1590
1588
1585
1582
1580
1576
1574
1572
1570
1569
1567
1566
1566
1566
1566
1566
1567
1567
1567
1567
1567
1567
1566
1564
1562
1558
1551
1545
1538
1529
1519
1508
1497
1484
1471
1459
1445
1430
1416
1402
1388
1374
1362
1349
1338
