Sampling rate=500
2151
2145
2139
2132
2127
2122
2116
2110
2104
2099
2093
2086
2079
2075
2067
2058
2050
2040
2031
2022
2012
2002
1991
1980
1971
1959
1948
1938
1928
1919
1908
1899
1890
1880
1871
1862
1852
1844
1836
1828
1821
1813
1805
1798
1790
1783
1778
1770
1763
1758
1751
1748
1742
1738
1735
1733
1731
1731
1729
1730
1731
1733
1734
1738
1742
1745
1750
1756
1762
1767
1774
1782
1789
1798
1805
1814
1823
1831
1842
1851
1860
1870
1879
1890
1899
1910
1919
1929
1939
1950
1960
1971
1982
1993
2005
2015
2027
2038
2049
2061
2070
2079
2090
2098
2107
2116
2122
2129
2135
2140
2146
2151
2152
2156
2156
2158
2159
2157
2155
2152
2149
2146
2140
2134
2128
2121
2114
2107
2101
2093
2086
2079
2072
2068
2063
2058
2055
2052
2048
2047
2047
2047
2047
2049
2051
2054
2057
2061
2066
2070
2074
2078
2085
2087
2092
2096
2102
2104
2108
2110
2113
2116
2116
2117
2117
2117
2117
2115
2114
2110
2109
2108
2103
2101
2098
2095
2090
2088
2082
2077
2072
2066
2060
2054
2045
2038
2030
2023
2013
2005
1996
1987
1980
1968
1960
1951
1943
1935
1929
1920
1913
1906
1900
1894
1887
1882
1874
1870
1864
1859
1853
1847
1842
1836
1830
1824
1818
1812
1804
1796
1788
1778
1770
1759
1749
1740
1728
1716
1706
1694
1683
1672
1661
1650
1641
1631
1623
1615
1608
1602
1598
1594
1590
1588
1587
1586
1586
1589
1590
1591
1595
1599
1604
1610
1614
1620
1625
1631
1636
1641
1646
1651
1656
1659
1662
1665
1667
1668
1667
1667
1666
1664
1660
1656
1652
1647
1643
1637
1631
1624
1619
1610
1603
1595
1586
1578
1567
1559
1548
1540
1530
1519
1510
1501
1491
1482
1473
1463
1454
1446
1438
1428
1420
1413
1407
1398
1391
1385
1378
1372
1366
1360
1355
1350
1345
1340
1336
1334
1330
1328
1325
1323
1322
1320
1321
1319
1320
1320
1322
1323
1326
1327
1332
1336
1340
1345
1350
1357
1362
1369
1375
1382
1390
1396
1403
1411
1418
1426
1432
1438
1444
1451
1455
1460
1464
1468
1472
1473
1475
1476
1477
1476
1476
1476
1475
1474
1471
1470
1469
1469
1467
1468
1466
1467
1467
1468
1469
1470
1471
1473
1476
1478
1480
1482
1486
1488
1491
1494
1496
1499
1502
1503
1504
1506
1508
1509
1511
1511
1512
1514
1516
1517
1518
1519
1519
1522
1522
1522
1523
1523
1524
1524
1523
1523
1522
1522
1520
1518
1515
1512
1509
1505
1502
1495
1490
1484
1479
1470
1462
1453
1444
1435
1423
1414
1403
1391
1382
1370
1359
1349
1339
1330
1321
1312
1304
1296
1290
1283
1278
1274
1267
1263
1260
1256
1253
1250
1247
1244
1241
1239
1236
1234
1233
1229
1227
1224
1222
1219
1217
1214
1212
1207
1205
1203
1199
1197
1194
1192
1191
1188
1186
1185
1184
1182
1181
1179
1179
1178
1176
1175
1175
1175
1175
1174
1174
1173
1173
1173
1173
1173
1173
1174
1173
1173
1174
1174
1174
1173
1172
1172
1170
1170
1167
1163
1161
1158
1155
1152
1147
1143
1139
1134
1129
1124
1119
1114
1109
1103
1100
1095
1091
1087
1083
1079
1076
1071
1069
1066
1063
1060
1055
1052
1049
1046
1042
1038
1034
1030
1025
1021
1015
1011
1004
999
994
988
982
975
970
964
958
951
944
938
931
925
917
910
903
896
888
882
874
867
859
852
845
839
833
828
823
819
816
814
813
812
813
815
817
821
826
830
837
844
853
860
869
878
888
897
906
916
926
933
942
950
957
964
970
975
982
987
991
995
999
1003
1007
1011
1015
1019
1025
1029
1035
1042
1048
1055
1063
1071
1080
1088
1097
1106
1116
1126
1136
1146
1156
1166
1177
1186
1196
1206
1215
1224
1234
1243
1252
1260
1270
1278
1287
1296
1303
1311
1319
1327
1336
1343
1351
1358
1365
1372
1378
1384
1390
1395
1400
1404
1407
1412
1414
1416
1418
1420
1420
1420
1421
1421
1421
1420
1420
1418
1418
1417
1414
1412
1410
1408
1405
1402
1400
1396
1394
1389
1385
1381
1375
1371
1365
1359
1353
1347
1340
1333
1326
1319
1312
1305
1298
1292
1285
1279
1273
1267
1261
1257
1251
1246
1242
1238
1232
1228
1224
1220
1217
1212
1209
1206
1204
1202
1202
1200
1201
1203
1204
1206
1210
1215
1219
1224
1231
1237
1244
1251
1260
1267
1275
1283
1291
1299
1308
1316
1326
1335
1345
1355
1366
1376
1387
1400
1411
1423
1436
1450
1462
1475
1488
1501
1514
1526
1538
1549
1558
1567
1574
1580
1585
1587
1590
1589
1587
1584
1580
1573
1566
1556
1547
1535
1523
1510
1498
1483
1470
1455
1441
1427
1412
1399
1383
1370
1355
1340
1327
1311
1296
1282
1266
1250
1236
1218
1203
1187
1171
1156
1140
1125
1111
1098
1086
1075
1066
1058
1051
1046
1042
1039
1038
1038
1039
1041
1044
1047
1052
1056
1062
1067
1073
1079
1084
1091
1097
1102
1106
1111
1115
1119
1121
1124
1126
1128
1129
1128
1128
1127
1126
1123
1121
1117
1115
1110
1106
1103
1099
1095
1091
1088
1085
1080
1077
1074
1071
1069
1066
1064
1062
1062
1060
1059
1058
1057
1057
1056
1057
1058
1060
1061
1063
1066
1068
1072
1075
1078
1082
1086
1090
1093
1096
1100
1103
1105
1108
1111
1114
1115
1116
1117
1117
1116
1115
1114
1112
1111
1108
1105
1103
1100
1097
1092
1089
1085
1081
1077
1072
1068
1063
1059
1055
1050
1047
1043
1039
1036
1032
1031
1028
1026
1025
1023
1025
1026
1028
1030
1034
1039
1044
1050
1058
1066
1074
1084
1094
1105
1116
1128
1140
1152
1165
1176
1188
1199
1210
1221
1230
1239
1248
1257
1266
1272
1280
1287
1295
1301
1307
1313
1320
1324
1330
1335
1340
1344
1348
1352
1356
1359
1361
1363
1364
1364
1364
1363
1362
1360
1358
1356
1352
1350
1347
1342
1339
1335
1332
1329
1326
1324
1322
1319
1319
1319
1319
1319
1321
1322
1325
1328
1333
1338
1343
1349
1357
1364
1374
1383
1393
1404
1416
1427
1439
1452
1464
1478
1490
1503
1516
1529
1542
1554
1565
1576
1585
1594
1601
1608
1615
1620
1624
1627
1630
1632
1633
1634
1634
1631
1631
1628
1626
1622
1619
1614
1608
1602
1597
1590
1583
1574
1566
1556
1547
1535
1525
1513
1501
1489
1477
1464
1452
1438
1426
1413
1402
1390
1377
1366
1357
1346
1336
1327
1319
1311
1303
1295
1288
1283
1275
1268
1262
1256
1251
1244
1238
1233
1228
1223
1219
1214
1210
1205
1202
1197
1192
1188
1183
1178
1174
1167
1163
1159
1154
1150
1146
1143
1142
1142
1141
1142
1145
1148
1152
1157
1163
1170
1178
1187
1194
1204
1215
1224
1236
1247
1259
1271
1283
1295
1308
1323
1335
1348
1361
1374
1387
1399
1410
1422
1434
1443
1452
1460
1468
1473
1478
1481
1484
1486
1486
1485
1484
1482
1480
1477
1474
1470
1466
1462
1457
1453
1448
1444
1438
1432
1427
1420
1415
1406
1398
1390
1381
1371
1359
1347
1335
1322
1308
1294
1279
1263
1247
1231
1214
1197
1179
1162
1144
1126
1109
1092
1076
1059
1044
1030
1015
1004
991
980
970
960
952
944
938
932
927
922
918
914
911
908
906
902
901
899
897
896
895
894
893
892
890
890
888
887
885
884
883
881
879
879
878
878
879
881
882
886
889
894
899
905
911
918
926
933
942
949
957
965
973
980
987
994
1000
1005
1012
1018
1023
1027
1033
1038
1043
1047
1051
1056
1062
1066
1071
1076
1082
1089
1094
1102
1109
1116
1124
1132
1141
1151
1159
1167
1177
1186
1195
1204
1214
1222
1231
1239
1247
1254
1260
1267
1272
1276
1280
1284
1287
1287
1290
1290
1290
1291
1289
1288
1287
1286
1283
1281
1279
1278
1274
1271
1270
1266
1262
1258
1254
1250
1244
1238
1231
1223
1216
1206
1197
1187
1176
1164
1152
1140
1127
1114
1100
1086
1073
1061
1048
1035
1023
1012
1002
992
983
975
967
960
954
949
944
940
938
935
934
931
930
930
928
929
928
928
929
929
930
931
933
934
937
940
942
946
951
956
962
967
975
983
991
1001
1010
1020
1030
1040
1051
1061
1071
1082
1093
1103
1113
1123
1134
1143
1153
1161
1170
1179
1187
1197
1204
1212
1220
1229
1238
1245
1254
1262
1271
1280
1288
1296
1305
1313
1322
1329
1336
1344
1351
1359
1364
1370
1375
1381
1385
1390
1391
1395
1398
1400
1403
1404
1404
1405
1406
1406
1404
1403
1402
1399
1397
1394
1391
1386
1384
1378
1374
1369
1364
1359
1353
1348
1343
1337
1332
1327
1323
1317
1312
1308
1304
1299
1295
1291
1286
1283
1278
1274
1271
1267
1264
1260
1258
1255
1253
1250
1247
1245
1243
1242
1240
1239
1238
1238
1238
1238
1238
1238
1239
1241
1242
1244
1245
1246
1248
1250
1252
1254
1255
1257
1260
1262
1265
1267
1269
1273
1277
1279
1283
1288
1294
1298
1303
1309
1315
1320
1326
1331
1337
1342
1347
1352
1357
1362
1366
1370
1374
1378
1382
1384
1387
1390
1391
1394
1395
1396
1397
1398
1398
1397
1397
1396
1396
1395
1394
1392
1391
1390
1389
1388
1386
1386
1384
1384
1383
1382
1380
1377
1374
1372
1370
1366
1362
1359
1354
1350
1345
1340
1336
1330
1325
1320
1314
1310
1306
1303
1298
1295
1293
1290
1288
1287
1286
1284
1285
1285
1285
1285
1286
1286
1288
1288
1289
1290
1290
1289
1289
1288
1287
1286
1284
1283
1282
1280
1278
1277
1276
1275
1273
1272
1272
1271
1270
1270
1270
1270
1270
1271
1271
1271
1272
1273
1274
1275
1276
1278
1278
1280
1282
1284
1285
1287
1290
1292
1294
1295
1298
1300
1302
1303
1305
1307
1309
1311
1312
1314
1316
1318
1318
1320
1321
1323
1324
1326
1327
1329
1330
1330
1332
1334
1335
1336
1337
1338
1339
1342
1342
1344
1346
1348
1352
1355
1359
1363
1369
1374
1379
1385
1391
1398
1404
1411
1419
1427
1433
1440
1447
1455
1460
1466
1471
1476
1480
1483
1487
1489
1492
1492
1492
1492
1492
1491
1489
1487
1484
1482
1478
1475
1471
1468
1464
1460
1456
1453
1450
1446
1443
1439
1437
1434
1431
1428
1426
1423
1420
1418
1415
1412
1408
1403
1399
1394
1389
1383
1378
1371
1366
1359
1354
1348
1342
1338
1331
1327
1324
1321
1318
1316
1315
1315
1315
1317
1319
1321
1325
1327
1332
1336
1342
1348
1354
1361
1368
1375
1384
1392
1402
1411
1419
1429
1439
1448
1459
1469
1480
1491
1501
1511
1521
1531
1542
1551
1560
1568
1578
1585
1593
1600
1608
1614
1620
1626
1631
1637
1642
1647
1653
1657
1662
1666
1671
1677
1681
1686
1690
1695
1699
1703
1707
1710
1714
1718
1721
1726
1731
1735
1740
1746
1751
1758
1764
1771
1779
1786
1795
1804
1812
1822
1830
1839
1847
1855
1863
1870
1876
1882
1886
1890
1892
1895
1898
1897
1898
1898
1896
1894
1892
1889
1886
1880
1876
1871
1867
1860
1855
1849
1843
1838
1831
1826
1820
1815
1810
1806
1802
1798
1796
1792
1791
1788
1787
1784
1783
1780
1779
1775
1771
1768
1763
1759
1753
1747
1741
1735
1726
1718
1710
1701
1694
1683
1673
1664
1654
1645
1634
1624
1614
1603
1593
1582
1570
1559
1547
1535
1522
1510
1498
1485
1474
1462
1450
1438
1426
1416
1407
1398
1389
1382
1375
1370
1366
1363
1361
1361
1361
1362
1364
1368
1373
1378
1384
1390
1397
1406
1413
1421
1430
1439
1448
1457
1466
1476
1487
1497
1507
1518
1529
1540
1554
1565
1578
1591
1606
1619
1633
1646
1660
1675
1688
1702
1714
1728
1742
1754
1766
1778
1790
1802
1812
1822
1834
1843
1853
1863
1873
1882
1892
1902
1911
1920
1929
1938
1947
1955
1963
1970
1978
1987
1992
1998
2004
2008
2014
2016
2019
2021
2023
2023
2022
2022
2020
2017
2014
2010
2005
1999
1991
1985
1976
1966
1955
1943
1932
1919
1906
1892
1878
1863
1849
1835
1819
1803
1789
1774
1760
1745
1731
1718
1706
1695
1682
1671
1660
1651
1642
1631
1624
1617
1609
1602
1597
1590
1583
1580
1574
1570
1564
1560
1556
1551
1548
1543
1540
1538
1535
1532
1531
1529
1529
1528
1527
1528
1528
1530
1531
1533
1535
1538
1541
1543
1545
1548
1551
1555
1557
1559
1562
1565
1567
1570
1572
1574
1576
1580
1581
1583
1586
1589
1592
1595
1598
1602
1606
1609
1613
1615
1620
1623
1626
1629
1633
1634
1636
1638
1640
1640
1643
1644
1645
1646
1647
1649
1652
1652
1654
1656
1659
1661
1663
1666
1671
1676
1678
1684
1689
1695
1702
1707
1714
1722
1730
1736
1744
1753
1761
1770
1778
1786
1794
1802
1811
1818
1826
1834
1842
1851
1858
1866
1873
1881
1889
1896
1902
1910
1915
1922
1928
1931
1935
1939
1942
1946
1946
1948
1949
1948
1949
1946
1943
1942
1939
1935
1930
1926
1921
1915
1910
1903
1895
1887
1880
1871
1863
1855
1846
1839
1830
1822
1814
1807
1800
1794
1787
1782
1778
1771
1767
1763
1759
1757
1753
1750
1747
1745
1742
1739
1737
1735
1732
1731
1729
1728
1726
1726
1726
1725
1724
1725
1725
1725
1726
1727
1730
1731
1734
1738
1740
1743
1748
1753
1756
1759
1764
1768
1772
1775
1778
1781
1785
1784
1786
1788
1788
1790
1787
1786
1785
1783
1781
1778
1775
1773
1772
1767
1765
1762
1759
1756
1753
1750
1747
1743
1739
1736
1733
1730
1727
1722
1719
1715
1712
1711
1707
1704
1702
1700
1700
1698
1698
1698
1699
1700
1700
1702
1704
1707
1709
1711
1715
1718
1724
1727
1731
1737
1742
1748
1752
1758
1763
1769
1775
1779
1785
1791
1796
1800
1804
1809
1814
1818
1820
1823
1827
1831
1834
1836
1837
1839
1841
1843
1842
1843
1842
1842
1841
1839
1838
1835
1834
1831
1828
1826
1823
1822
1818
1817
1814
1812
1811
1807
1807
1805
1803
1802
1799
1798
1795
1794
1791
1789
1787
1783
1781
1779
1775
1772
1769
1766
1764
1762
1759
1758
1756
1754
1753
1752
1750
1749
1750
1747
1747
1746
1747
1745
1746
1745
1745
1744
1743
1742
1742
1742
1741
1740
1739
1739
1736
1735
1734
1733
1730
1727
1724
1722
1719
1714
1710
1706
1701
1695
1691
1686
1681
1675
1669
1664
1658
1654
1647
1644
1639
1636
1631
1628
1624
1623
1620
1618
1615
1615
1614
1613
1612
1612
1613
1612
1612
1613
1614
1615
1615
1616
1618
1621
1620
1622
1624
1626
1628
1630
1631
1634
1638
1638
1640
1642
1644
1645
1647
1648
1651
1651
1652
1652
1654
1652
1651
1650
1647
1645
1642
1639
1636
1631
1627
1623
1619
1614
1610
1604
1600
1594
1590
1586
1579
1574
1569
1564
1558
1552
1546
1541
1535
1529
1524
1519
1514
1510
