Sampling rate=500
1400
1397
1393
1390
1392
1392
1393
1395
1398
1403
1407
1415
1421
1429
1438
1447
1459
1471
1481
1495
1507
1520
1536
1549
1562
1576
1591
1605
1619
1633
1647
1660
1672
1687
1700
1712
1723
1734
1744
1755
1763
1772
1780
1787
1793
1798
1801
1806
1809
1810
1813
1814
1813
1814
1813
1811
1808
1805
1803
1800
1796
1792
1788
1783
1778
1774
1768
1765
1760
1755
1751
1747
1744
1742
1741
1739
1741
1741
1744
1747
1750
1757
1764
1770
1780
1789
1799
1811
1824
1836
1849
1863
1876
1890
1905
1919
1934
1948
1963
1978
1992
2006
2020
2032
2045
2055
2067
2077
2087
2093
2102
2109
2115
2120
2122
2125
2128
2128
2128
2128
2126
2123
2120
2116
2113
2108
2102
2098
2093
2087
2081
2075
2069
2062
2057
2051
2045
2041
2035
2030
2025
2021
2016
2011
2007
2003
1997
1995
1992
1988
1985
1984
1984
1982
1982
1983
1985
1988
1990
1996
2001
2007
2013
2020
2029
2037
2045
2057
2067
2077
2088
2098
2108
2119
2128
2137
2147
2156
2165
2173
2181
2188
2195
2201
2208
2212
2218
2223
2225
2229
2230
2232
2234
2234
2235
2235
2234
2233
2232
2231
2229
2227
2227
2225
2225
2224
2222
2222
2222
2221
2221
2219
2219
2218
2216
2217
2216
2215
2215
2213
2213
2213
2211
2213
2212
2212
2212
2210
2212
2213
2212
2213
2214
2217
2219
2221
2226
2231
2235
2243
2250
2258
2266
2276
2286
2297
2307
2317
2328
2337
2348
2357
2365
2374
2381
2389
2395
2400
2405
2410
2414
2417
2420
2423
2425
2427
2430
2431
2434
2436
2439
2439
2442
2444
2447
2448
2449
2452
2455
2457
2461
2465
2470
2475
2480
2484
2489
2492
2499
2501
2504
2506
2508
2507
2508
2507
2504
2503
2501
2499
2496
2492
2490
2487
2484
2482
2480
2477
2475
2472
2471
2469
2467
2465
2464
2460
2459
2457
2455
2453
2451
2449
2448
2445
2445
2444
2443
2443
2441
2442
2442
2442
2443
2444
2447
2448
2450
2454
2457
2459
2464
2467
2469
2472
2475
2477
2480
2480
2484
2485
2486
2488
2488
2490
2492
2493
2494
2494
2497
2499
2501
2503
2506
2508
2512
2515
2517
2521
2522
2524
2527
2527
2528
2529
2528
2528
2525
2524
2523
2519
2516
2513
2511
2508
2505
2502
2499
2497
2496
2495
2493
2493
2494
2493
2495
2496
2497
2499
2499
2501
2501
2503
2503
2501
2502
2500
2497
2495
2491
2487
2481
2475
2469
2464
2456
2449
2442
2435
2428
2420
2412
2405
2396
2389
2382
2374
2367
2360
2352
2344
2337
2330
2323
2316
2309
2302
2297
2291
2285
2281
2276
2272
2269
2265
2264
2264
2264
2265
2266
2269
2273
2278
2284
2289
2297
2305
2312
2320
2328
2334
2343
2350
2356
2363
2369
2373
2379
2381
2387
2391
2394
2397
2400
2403
2406
2408
2411
2415
2416
2418
2420
2420
2422
2423
2421
2420
2418
2414
2411
2405
2400
2393
2385
2377
2369
2360
2352
2342
2334
2325
2316
2309
2301
2295
2288
2284
2279
2274
2273
2270
2269
2269
2269
2270
2272
2275
2279
2283
2289
2296
2303
2311
2320
2330
2340
2352
2361
2372
2384
2395
2405
2417
2428
2439
2450
2461
2470
2481
2491
2500
2509
2518
2526
2534
2541
2547
2554
2560
2566
2571
2576
2581
2585
2588
2591
2593
2596
2596
2597
2598
2597
2596
2595
2592
2589
2586
2581
2577
2573
2568
2564
2558
2555
2550
2545
2541
2537
2532
2529
2525
2521
2517
2514
2509
2506
2502
2499
2496
2492
2490
2488
2485
2483
2482
2483
2483
2484
2486
2489
2491
2496
2500
2505
2510
2513
2520
2526
2531
2537
2542
2548
2554
2560
2566
2570
2577
2583
2588
2593
2598
2604
2608
2612
2617
2621
2625
2628
2631
2633
2636
2637
2640
2641
2641
2643
2643
2644
2644
2644
2644
2644
2642
2641
2640
2638
2636
2634
2629
2628
2625
2621
2617
2613
2611
2608
2604
2600
2597
2593
2592
2589
2586
2585
2584
2582
2581
2582
2581
2582
2583
2583
2585
2586
2588
2590
2592
2596
2598
2601
2604
2608
2611
2615
2618
2622
2626
2629
2632
2636
2640
2643
2647
2649
2651
2655
2657
2659
2660
2661
2663
2663
2663
2664
2662
2661
2661
2659
2657
2656
2653
2652
2650
2648
2648
2646
2645
2647
2648
2648
2651
2653
2657
2659
2661
2663
2667
2669
2670
2673
2674
2674
2675
2676
2675
2673
2673
2672
2669
2668
2666
2665
2663
2661
2659
2656
2655
2653
2650
2649
2647
2644
2643
2640
2639
2636
2635
2633
2632
2631
2631
2630
2630
2631
2629
2631
2632
2631
2632
2633
2632
2631
2630
2627
2625
2621
2617
2613
2608
2602
2597
2592
2587
2582
2578
2575
2572
2570
2568
2567
2565
2565
2564
2564
2562
2563
2563
2563
2563
2564
2565
2564
2565
2565
2567
2569
2571
2572
2576
2579
2582
2587
2592
2596
2602
2608
2612
2618
2624
2629
2635
2639
2643
2647
2650
2652
2655
2656
2656
2656
2656
2654
2652
2649
2647
2644
2640
2637
2633
2630
2627
2624
2620
2619
2617
2616
2616
2616
2618
2619
2622
2626
2631
2636
2641
2648
2654
2659
2666
2672
2675
2681
2683
2685
2685
2685
2683
2680
2673
2668
2660
2652
2641
2631
2620
2608
2596
2583
2571
2560
2545
2533
2521
2509
2497
2485
2474
2464
2454
2445
2436
2428
2420
2412
2406
2400
2395
2392
2387
2384
2384
2381
2380
2380
2381
2384
2386
2390
2395
2400
2406
2413
2421
2427
2437
2446
2456
2467
2477
2488
2497
2509
2519
2529
2537
2547
2555
2563
2570
2576
2582
2587
2592
2595
2597
2599
2601
2602
2602
2601
2601
2599
2597
2595
2590
2587
2585
2579
2576
2572
2566
2563
2558
2553
2549
2545
2541
2537
2533
2529
2526
2523
2518
2515
2512
2508
2505
2503
2501
2499
2499
2499
2499
2499
2501
2503
2505
2509
2513
2517
2522
2528
2532
2538
2544
2549
2555
2560
2565
2570
2575
2579
2584
2588
2593
2597
2600
2604
2608
2611
2612
2617
2619
2621
2624
2625
2627
2627
2627
2626
2625
2624
2621
2618
2614
2611
2606
2601
2597
2592
2585
2581
2576
2572
2568
2565
2562
2560
2557
2556
2555
2553
2553
2553
2554
2555
2557
2560
2562
2565
2568
2571
2577
2581
2587
2592
2599
2607
2615
2623
2632
2641
2649
2659
2667
2676
2683
2691
2697
2704
2708
2712
2715
2718
2720
2720
2720
2718
2715
2711
2708
2704
2699
2694
2689
2683
2678
2672
2666
2661
2656
2650
2647
2643
2639
2634
2631
2629
2627
2625
2623
2621
2620
2618
2618
2617
2616
2616
2614
2614
2612
2612
2612
2612
2610
2609
2609
2608
2608
2608
2606
2607
2606
2607
2608
2608
2608
2609
2609
2609
2611
2611
2611
2612
2613
2613
2613
2613
2614
2614
2615
2616
2616
2616
2617
2618
2619
2620
2622
2623
2625
2628
2629
2631
2632
2635
2635
2637
2640
2641
2642
2644
2644
2645
2647
2647
2648
2647
2648
2648
2647
2647
2647
2646
2645
2644
2645
2644
2644
2643
2642
2642
2641
2640
2640
2640
2638
2637
2636
2637
2637
2636
2637
2638
2639
2641
2643
2646
2649
2653
2657
2663
2669
2675
2680
2688
2695
2701
2709
2716
2722
2729
2734
2740
2745
2749
2753
2756
2760
2761
2763
2765
2765
2765
2765
2763
2762
2760
2757
2756
2753
2750
2747
2745
2741
2739
2737
2733
2732
2730
2727
2726
2725
2724
2723
2723
2721
2722
2721
2722
2723
2723
2724
2723
2726
2728
2729
2731
2732
2735
2736
2739
2741
2743
2746
2747
2750
2753
2754
2756
2759
2760
2762
2763
2763
2765
2765
2765
2765
2766
2765
2764
2764
2764
2764
2763
2761
2760
2760
2757
2757
2755
2755
2753
2753
2753
2753
2752
2754
2755
2756
2757
2760
2762
2763
2768
2771
2773
2777
2781
2786
2789
2794
2799
2802
2807
2811
2814
2816
2819
2820
2821
2821
2821
2819
2817
2814
2809
2805
2800
2793
2787
2779
2772
2764
2757
2749
2741
2733
2725
2717
2709
2701
2693
2685
2677
2669
2662
2655
2648
2641
2634
2628
2621
2616
2609
2604
2600
2594
2589
2585
2581
2577
2573
2571
2568
2565
2562
2560
2558
2556
2555
2555
2554
2553
2555
2557
2559
2561
2564
2567
2571
2574
2578
2584
2588
2593
2599
2605
2611
2617
2623
2629
2635
2642
2648
2653
2660
2666
2671
2677
2681
2685
2689
2693
2693
2696
2696
2695
2692
2690
2687
2683
2679
2673
2669
2664
2658
2652
2647
2641
2635
2629
2624
2618
2612
2606
2601
2595
2590
2584
2578
2573
2567
2561
2557
2552
2547
2544
2540
2537
2535
2532
2531
2529
2528
2528
2526
2528
2528
2527
2528
2528
2528
2529
2529
2529
2528
2529
2528
2525
2523
2521
2516
2513
2509
2503
2497
2490
2483
2475
2466
2457
2447
2437
2428
2417
2407
2397
2387
2377
2369
2360
2352
2343
2336
2329
2323
2317
2312
2308
2305
2301
2300
2299
2299
2300
2301
2303
2306
2309
2314
2317
2322
2328
2333
2338
2344
2349
2354
2359
2364
2366
2371
2374
2376
2379
2382
2385
2387
2390
2394
2396
2400
2404
2408
2412
2417
2421
2426
2431
2437
2440
2445
2450
2453
2456
2460
2462
2464
2465
2467
2467
2467
2467
2465
2465
2464
2464
2464
2464
2463
2461
2462
2464
2462
2465
2467
2468
2472
2475
2477
2482
2486
2491
2496
2499
2505
2509
2515
2520
2525
2531
2536
2541
2547
2552
2557
2562
2568
2572
2578
2584
2588
2595
2600
2606
2611
2616
2621
2626
2631
2635
2640
2643
2646
2649
2652
2655
2657
2659
2661
2661
2662
2664
2664
2665
2665
2666
2667
2668
2669
2672
2673
2675
2677
2680
2682
2685
2688
2691
2693
2696
2697
2700
2700
2702
2703
2702
2701
2699
2697
2693
2689
2686
2680
2676
2672
2665
2660
2654
2648
2641
2636
2630
2625
2618
2614
2609
2604
2601
2597
2595
2593
2590
2589
2589
2587
2588
2589
2589
2590
2592
2593
2596
2599
2601
2605
2609
2612
2616
2621
2626
2630
2636
2642
2648
2653
2659
2666
2673
2679
2685
2691
2696
2704
2709
2714
2720
2725
2730
2736
2740
2744
2749
2754
2759
2764
2769
2775
2781
2787
2792
2800
2806
2812
2820
2827
2833
2840
2847
2853
2859
2865
2870
2876
2880
2884
2888
2890
2892
2894
2896
2894
2895
2894
2891
2890
2888
2885
2881
2878
2875
2871
2868
2864
2861
2857
2853
2851
2848
2847
2844
2844
2844
2843
2843
2844
2845
2846
2848
2849
2851
2853
2855
2857
2859
2860
2864
2865
2867
2869
2871
2873
2876
2878
2881
2884
2887
2890
2894
2898
2902
2904
2909
2912
2915
2917
2918
2920
2920
2918
2917
2914
2911
2905
2900
2893
2886
2878
2869
2861
2852
2842
2833
2824
2815
2805
2797
2788
2779
2770
2762
2755
2747
2739
2732
2726
2720
2713
2709
2704
2699
2696
2693
2690
2687
2687
2685
2685
2684
2686
2687
2689
2692
2694
2698
2702
2707
2710
2717
2721
2727
2732
2738
2744
2749
2754
2760
2765
2770
2775
2779
2784
2787
2791
2793
2797
2801
2805
2808
2811
2815
2818
2823
2826
2829
2832
2836
2839
2842
2845
2848
2850
2851
2852
2853
2853
2852
2851
2849
2846
2843
2838
2835
2829
2823
2817
2811
2804
2797
2789
2782
2775
2768
2760
2755
2749
2744
2739
2736
2734
2732
2731
2730
2731
2732
2733
2736
2738
2741
2743
2747
2751
2754
2757
2760
2764
2768
2769
2773
2777
2781
2784
2788
2792
2796
2801
2805
2810
2814
2819
2824
2828
2832
2835
2840
2842
2845
2847
2848
2848
2848
2848
2846
2844
2842
2840
2837
2835
2832
2829
2826
2823
2820
2817
2814
2811
2807
2805
2801
2798
2794
2792
2789
2787
2784
2781
2779
2777
2775
2774
2773
2772
2772
2772
2773
2772
2774
2776
2777
2779
2781
2783
2785
2786
2789
2791
2793
2793
2796
2797
2799
2800
2800
2800
2800
2800
2800
2798
2797
2796
2795
2792
2791
2788
2786
2784
2780
2778
2773
2771
2767
2764
2759
2756
2753
2750
2745
2743
2740
2737
2734
2731
2728
2725
2721
2719
2715
2712
2709
2707
2704
2700
2697
2694
2692
2688
2687
2685
2683
2682
2682
2683
2683
2685
2687
2689
2691
2694
2697
2700
2704
2707
2710
2713
2716
2718
2720
2721
2723
2724
2724
2722
2723
2722
2720
2720
2717
2716
2714
2713
2711
2711
2708
2707
2706
2706
2704
2705
2705
2705
2705
2706
2707
2707
2707
2708
2708
2707
2707
2707
2705
2704
2702
2700
2697
2694
2691
2688
2684
2680
2675
2672
2667
2664
2659
2654
2651
2647
2643
2640
2637
2635
2631
2631
2628
2627
2625
2623
2623
2622
2621
2619
2620
2619
2619
2618
2618
2619
2619
2619
2620
2621
2622
2624
2625
2627
2629
2631
2633
2635
2636
2637
2640
2640
2640
2642
2642
2642
2640
2640
2639
2637
2635
2633
2630
2628
2625
2622
2620
2617
2616
2615
2613
2613
2613
2614
2615
2616
2619
2621
2624
2627
2631
2634
2636
2640
2644
2646
2649
2652
2653
2657
2658
2660
2661
2663
2664
2664
2665
2665
2665
2665
2665
2665
2665
2664
2663
2663
2661
2662
2662
2660
2660
2659
2657
2656
2655
2653
2649
2646
2643
2639
2633
2628
2623
2617
2610
2604
2597
2589
2584
2577
2571
2565
2561
2555
2552
2548
2545
2544
2541
2540
2539
2540
2541
2542
2544
2546
2549
2552
2556
2560
2563
2566
2569
2571
2572
2574
2574
2573
2573
2571
2569
2566
2562
2557
2553
2548
2542
2536
2529
2523
2515
2510
2504
2497
2491
2485
2480
2473
2467
2461
2455
2449
2444
2439
2435
2430
2426
2421
2418
2414
2411
2407
2405
2403
2401
2400
2398
2398
2397
2398
2397
2400
2401
2403
2405
2405
2409
2412
2415
2417
2420
2424
2425
2429
2431
2434
2435
2438
2440
2441
2443
2444
2445
2445
2447
2448
2448
2448
2449
2448
2448
2447
2445
2443
2441
2439
2435
2432
2428
2423
2417
2413
2407
2401
2394
2389
2381
2375
2368
2361
2354
2346
2340
2333
2325
2321
2314
2307
2302
2297
2292
2287
2283
2280
2277
2274
2273
2272
2269
2271
2272
2272
2273
2275
2277
2280
2284
2289
2293
2300
2307
2313
2322
2331
2340
2351
2361
2373
2384
2397
2410
2422
2436
2449
2464
2476
2488
2500
2512
2523
2533
2542
2551
2559
2566
2572
2577
2582
2586
2589
2591
2593
2594
2594
2593
2592
2592
2588
2585
2581
2577
2572
2566
2560
2553
2547
2540
2535
2528
2520
2514
2509
2501
2497
2492
2487
2481
2477
2473
2468
2465
2461
2458
2454
2452
2450
2448
2446
2445
2444
2443
2443
2443
2443
2445
2446
2448
2450
2452
2455
2457
2459
2463
2465
2467
2471
2473
2475
2478
2481
2483
2486
2489
2491
2495
2497
2501
2504
2505
2509
2512
2515
2517
2521
2524
2528
2529
2533
2535
2535
2537
2538
2538
2538
2539
2539
2539
2538
2539
2539
2540
2539
2541
2541
2543
2544
2545
2546
2548
2549
2548
2547
2546
2545
2542
2539
2535
2531
2525
2521
2517
2513
2508
2505
2501
2497
2493
