Sampling rate=500
2277
2280
2282
2285
2288
2289
2289
2292
2293
2293
2293
2291
2292
2291
2290
2289
2288
2285
2285
2284
2283
2282
2281
2280
2280
2279
2279
2279
2278
2278
2275
2275
2275
2273
2272
2272
2268
2267
2265
2264
2261
2260
2259
2257
2256
2253
2252
2251
2249
2247
2245
2243
2240
2238
2235
2233
2229
2225
2224
2220
2217
2214
2211
2208
2205
2202
2200
2197
2195
2194
2192
2192
2189
2189
2188
2188
2186
2187
2187
2189
2189
2189
2191
2192
2193
2195
2194
2197
2197
2198
2200
2200
2201
2203
2205
2208
2208
2210
2212
2214
2214
2217
2219
2221
2221
2225
2227
2229
2232
2235
2238
2244
2249
2257
2265
2275
2287
2300
2317
2333
2355
2377
2402
2427
2455
2484
2515
2545
2577
2610
2643
2675
2708
2740
2772
2803
2834
2863
2890
2918
2944
2969
2992
3014
3035
3054
3072
3089
3104
3118
3131
3142
3152
3161
3169
3175
3180
3185
3187
3189
3190
3190
3188
3185
3181
3176
3170
3162
3154
3144
3135
3124
3113
3099
3088
3074
3060
3047
3032
3017
3003
2987
2972
2957
2941
2926
2912
2897
2882
2867
2853
2838
2823
2809
2795
2781
2768
2754
2740
2728
2713
2700
2687
2673
2660
2646
2632
2619
2605
2592
2577
2562
2549
2535
2520
2505
2491
2477
2463
2449
2434
2420
2407
2393
2378
2365
2353
2341
2328
2316
2304
2293
2283
2272
2261
2253
2245
2237
2231
2224
2219
2216
2213
2210
2208
2208
2208
2209
2209
2211
2214
2217
2219
2224
2224
2228
2232
2235
2238
2239
2243
2245
2247
2249
2251
2250
2252
2253
2253
2253
2252
2250
2249
2247
2245
2243
2240
2237
2235
2233
2231
2229
2226
2225
2224
2224
2220
2221
2221
2222
2223
2224
2224
2227
2227
2229
2231
2232
2233
2234
2233
2235
2234
2234
2233
2231
2229
2227
2225
2222
2217
2215
2212
2208
2203
2199
2195
2190
2186
2181
2177
2172
2168
2163
2156
2152
2147
2142
2138
2132
2129
2125
2121
2117
2114
2111
2109
2107
2103
2101
2100
2099
2097
2096
2094
2093
2093
2092
2089
2091
2090
2090
2089
2088
2089
2089
2091
2091
2092
2094
2096
2097
2097
2100
2101
2103
2102
2104
2104
2104
2105
2104
2104
2101
2100
2098
2096
2092
2089
2087
2085
2080
2077
2075
2072
2069
2067
2065
2064
2063
2060
2060
2061
2061
2064
2062
2065
2068
2071
2074
2075
2080
2083
2087
2089
2093
2097
2100
2104
2107
2110
2113
2115
2119
2121
2123
2125
2125
2128
2129
2131
2130
2132
2133
2133
2134
2134
2133
2133
2135
2134
2134
2135
2135
2135
2135
2138
2140
2141
2145
2147
2151
2156
2160
2165
2175
2184
2195
2208
2224
2240
2262
2285
2311
2339
2372
2407
2444
2482
2524
2565
2608
2651
2692
2735
2775
2813
2848
2883
2915
2944
2971
2996
3020
3041
3062
3081
3099
3117
3133
3149
3164
3179
3192
3206
3219
3230
3241
3250
3258
3265
3271
3275
3276
3277
3276
3272
3267
3262
3254
3245
3234
3222
3209
3195
3181
3165
3149
3134
3117
3100
3083
3067
3051
3034
3017
3001
2985
2969
2953
2936
2920
2903
2887
2871
2853
2837
2820
2803
2787
2769
2752
2735
2717
2700
2682
2665
2648
2629
2611
2594
2576
2558
2540
2520
2503
2484
2465
2448
2427
2409
2391
2373
2354
2336
2319
2301
2284
2267
2251
2236
2220
2205
2192
2176
2165
2152
2140
2129
2119
2109
2100
2090
2083
2076
2068
2061
2056
2051
2047
2043
2038
2035
2033
2032
2027
2027
2026
2025
2024
2023
2024
2025
2024
2024
2025
2027
2027
2028
2029
2030
2031
2032
2032
2033
2033
2032
2033
2033
2032
2030
2029
2028
2027
2022
2021
2019
2017
2014
2011
2009
2005
2002
1998
1995
1990
1987
1982
1977
1972
1967
1963
1957
1952
1947
1943
1937
1933
1927
1922
1917
1913
1907
1904
1898
1893
1889
1885
1879
1873
1872
1865
1861
1856
1852
1845
1840
1836
1831
1825
1820
1816
1809
1803
1800
1794
1789
1785
1778
1776
1770
1765
1760
1757
1752
1749
1744
1741
1737
1733
1728
1727
1723
1720
1717
1712
1712
1709
1706
1703
1700
1699
1696
1695
1690
1689
1687
1684
1680
1679
1675
1671
1667
1663
1659
1655
1649
1645
1641
1637
1633
1628
1625
1623
1619
1616
1615
1613
1611
1609
1609
1610
1611
1611
1613
1614
1619
1619
1625
1629
1633
1639
1644
1653
1661
1673
1682
1697
1713
1730
1749
1770
1793
1817
1843
1870
1900
1929
1960
1989
2021
2053
2083
2113
2141
2172
2200
2228
2253
2280
2305
2330
2353
2373
2396
2416
2435
2453
2470
2485
2499
2512
2524
2535
2544
2551
2557
2563
2568
2570
2571
2573
2572
2571
2568
2564
2560
2555
2548
2541
2535
2526
2517
2508
2498
2486
2476
2465
2454
2442
2429
2417
2404
2392
2379
2365
2352
2338
2324
2309
2296
2281
2266
2252
2237
2223
2207
2191
2177
2161
2145
2130
2115
2099
2083
2067
2051
2035
2019
2001
1987
1971
1953
1936
1919
1904
1888
1869
1852
1835
1819
1802
1785
1769
1754
1737
1723
1708
1694
1680
1667
1655
1643
1632
1621
1609
1601
1594
1587
1580
1574
1571
1568
1564
1562
1560
1560
1560
1558
1560
1561
1563
1562
1563
1566
1569
1571
1569
1573
1576
1577
1579
1581
1584
1586
1587
1590
1592
1594
1596
1597
1599
1601
1603
1605
1604
1607
1608
1609
1608
1609
1609
1610
1611
1611
1611
1611
1609
1610
1610
1609
1607
1608
1607
1605
1604
1600
1601
1599
1597
1593
1592
1590
1589
1587
1581
1581
1579
1577
1573
1572
1570
1569
1565
1566
1565
1565
1565
1564
1563
1563
1563
1562
1561
1560
1558
1556
1554
1552
1550
1547
1544
1541
1540
1536
1533
1531
1529
1524
1524
1523
1521
1520
1517
1517
1519
1517
1515
1517
1517
1517
1517
1519
1520
1521
1521
1521
1522
1523
1524
1525
1526
1528
1527
1528
1530
1532
1533
1533
1537
1540
1542
1545
1547
1551
1555
1559
1562
1568
1572
1577
1584
1588
1594
1601
1609
1613
1621
1628
1637
1644
1652
1661
1671
1681
1690
1698
1710
1721
1733
1744
1752
1764
1776
1786
1797
1809
1820
1834
1846
1861
1877
1895
1913
1933
1956
1982
2008
2037
2067
2101
2136
2172
2209
2246
2285
2323
2362
2400
2438
2475
2513
2548
2584
2619
2652
2685
2716
2744
2774
2801
2826
2851
2873
2893
2913
2930
2945
2960
2971
2982
2990
2997
3001
3005
3005
3005
3003
2999
2994
2987
2980
2971
2961
2952
2941
2929
2917
2906
2896
2885
2873
2861
2851
2841
2832
2821
2813
2804
2795
2787
2779
2771
2763
2755
2747
2738
2731
2721
2714
2704
2694
2685
2674
2664
2652
2641
2629
2617
2604
2589
2577
2562
2547
2531
2516
2499
2483
2466
2449
2430
2413
2396
2379
2361
2344
2328
2311
2294
2278
2262
2247
2232
2217
2201
2189
2176
2164
2151
2140
2129
2119
2109
2099
2090
2081
2073
2067
2059
2053
2049
2044
2041
2036
2035
2033
2032
2032
2032
2033
2033
2036
2039
2042
2045
2049
2053
2057
2061
2065
2068
2072
2077
2081
2085
2089
2092
2096
2099
2101
2105
2107
2110
2113
2114
2118
2121
2125
2128
2129
2132
2135
2137
2139
2139
2141
2142
2144
2144
2143
2142
2141
2139
2138
2135
2134
2131
2129
2126
2124
2122
2119
2117
2116
2113
2112
2110
2108
2106
2103
2099
2097
2094
2089
2085
2080
2076
2070
2065
2059
2053
2047
2040
2034
2026
2021
2014
2009
2003
1996
1989
1987
1981
1976
1971
1967
1963
1959
1955
1952
1945
1944
1941
1939
1935
1932
1931
1929
1927
1925
1923
1921
1920
1919
1917
1915
1915
1913
1912
1910
1908
1907
1905
1904
1901
1897
1896
1893
1891
1886
1884
1881
1877
1875
1872
1868
1867
1864
1863
1859
1859
1859
1859
1858
1857
1858
1857
1857
1857
1854
1853
1851
1849
1845
1843
1840
1837
1834
1831
1827
1824
1820
1820
1817
1817
1816
1815
1816
1817
1820
1824
1829
1836
1843
1855
1868
1883
1901
1920
1944
1970
2000
2030
2064
2099
2136
2175
2214
2253
2292
2331
2370
2408
2444
2478
2512
2545
2577
2607
2636
2664
2691
2717
2742
2766
2789
2811
2832
2852
2870
2888
2903
2917
2930
2940
2949
2955
2960
2962
2963
2961
2958
2952
2945
2936
2926
2913
2900
2886
2870
2853
2836
2818
2800
2781
2761
2741
2722
2702
2682
2662
2641
2621
2600
2580
2560
2539
2518
2499
2479
2459
2439
2419
2400
2381
2362
2343
2323
2305
2288
2269
2251
2233
2216
2199
2181
2161
2145
2128
2110
2092
2074
2056
2037
2019
2001
1981
1964
1945
1927
1909
1889
1872
1854
1836
1819
1802
1785
1769
1753
1736
1723
1707
1693
1679
1664
1651
1639
1626
1613
1602
1591
1581
1571
1561
1552
1544
1536
1529
1520
1513
1508
1501
1495
1488
1483
1476
1470
1463
1454
1448
1441
1433
1424
1416
1407
1399
1389
1381
1372
1364
1357
1349
1341
1336
1331
1326
1322
1317
1316
1315
1314
1315
1313
1316
1317
1320
1322
1321
1325
1326
1328
1329
1325
1327
1324
1321
1319
1313
1308
1301
1296
1285
1279
1270
1261
1252
1239
1232
1220
1208
1195
1184
1172
1159
1147
1133
1120
1107
1095
1083
1072
1059
1048
1040
1031
1024
1017
1012
1008
1005
1004
1001
1000
1003
1005
1008
1009
1012
1015
1017
1017
1021
1024
1024
1024
1024
1024
1020
1017
1012
1008
1001
993
985
977
965
957
947
936
925
912
901
893
882
872
864
853
841
835
828
821
816
809
804
801
798
796
795
792
792
793
793
795
794
798
801
803
805
805
809
811
813
816
816
818
820
821
822
821
824
824
825
827
825
826
827
826
825
825
822
822
821
819
817
812
811
807
804
800
796
792
791
789
790
793
797
803
813
825
841
861
885
912
944
977
1016
1057
1101
1149
1195
1248
1299
1351
1404
1455
1508
1560
1611
1661
1710
1757
1803
1847
1889
1927
1966
2001
2033
2064
2089
2113
2135
2153
2169
2181
2192
2200
2206
2211
2211
2212
2211
2208
2204
2200
2193
2187
2180
2173
2165
2156
2145
2137
2128
2117
2108
2097
2088
2077
2067
2057
2046
2035
2024
2013
2001
1989
1979
1968
1956
1944
1930
1920
1908
1896
1882
1868
1855
1841
1825
1811
1793
1779
1763
1747
1729
1712
1696
1676
1658
1640
1620
1601
1582
1562
1542
1521
1498
1477
1457
1435
1415
1391
1370
1349
1329
1310
1287
1270
1253
1236
1220
1205
1192
1181
1173
1165
1157
1149
1146
1144
1141
1139
1137
1136
1133
1136
1136
1136
1136
1136
1136
1136
1134
1133
1132
1133
1132
1136
1136
1138
1140
1145
1146
1153
1159
1168
1175
1184
1193
1203
1213
1225
1233
1245
1256
1266
1276
1284
1294
1302
1312
1320
1327
1336
1343
1351
1359
1365
1371
1379
1385
1392
1393
1397
1401
1403
1405
1403
1405
1403
1403
1401
1400
1398
1396
1395
1393
1389
1392
1389
1388
1385
1383
1383
1380
1377
1373
1369
1363
1357
1352
1345
1337
1329
1321
1312
1301
1291
1281
1273
1260
1252
1243
1235
1228
1219
1214
1209
1205
1201
1197
1194
1193
1193
1192
1191
1191
1192
1192
1192
1191
1191
1193
1193
1195
1195
1193
1196
1197
1198
1200
1197
1200
1201
1202
1201
1203
1203
1204
1205
1203
1207
1209
1211
1215
1218
1223
1229
1237
1244
1251
1264
1273
1283
1294
1304
1315
1325
1336
1345
1354
1362
1367
1376
1381
1387
1392
1396
1399
1402
1404
1405
1408
1409
1409
1410
1409
1409
1409
1407
1405
1405
1405
1405
1407
1405
1409
1413
1418
1424
1434
1446
1460
1477
1495
1515
1541
1568
1600
1630
1665
1703
1742
1782
1824
1865
1911
1955
2000
2043
2086
2129
2170
2211
2247
2282
2317
2349
2378
2405
2429
2451
2470
2489
2504
2517
2530
2540
2549
2556
2563
2568
2572
2574
2577
2578
2579
2579
2576
2574
2571
2568
2563
2557
2549
2543
2534
2525
2515
2504
2492
2480
2467
2453
2437
2421
2403
2387
2369
2350
2331
2309
2290
2270
2249
2229
2209
2189
2170
2152
2133
2115
2098
2083
2067
2054
2041
2029
2019
2007
1998
1989
1982
1973
1965
1958
1949
1942
1934
1925
1917
1908
1897
1888
1876
1864
1852
1838
1823
1807
1792
1776
1757
1741
1722
1704
1685
1667
1649
1632
1616
1598
1583
1565
1552
1537
1524
1513
1504
1493
1484
1475
1466
1457
1448
1441
1434
1425
1417
1410
1401
1394
1384
1377
1371
1364
1360
1355
1353
1349
1352
1353
1359
1365
1372
1380
1393
1405
1420
1436
1453
1469
1485
1505
1523
1541
1557
1573
1589
1603
1614
1624
1633
1640
1645
1648
1647
1645
1643
1639
1633
1625
1616
1608
1597
1587
1577
1568
1556
1544
1537
1528
1520
1513
1505
1498
1493
1488
1483
1477
1473
1466
1460
1454
1447
1440
1429
1419
1409
1399
1389
1377
1365
1353
1345
1334
1325
1317
1309
1301
1297
1293
1292
1292
1293
1295
1300
1305
1313
1321
1331
1339
1352
1364
1376
1389
1403
1416
1428
1440
1453
1465
1476
1486
1496
1505
1511
1520
1526
1532
1537
1542
1544
1549
1552
1554
1556
1556
1554
1551
1547
1544
1537
1528
1520
1509
1496
1481
1468
1454
1440
1425
1411
1395
1384
1372
1361
1351
1344
1337
1332
1329
1328
1328
1331
1335
1341
1347
1357
1368
1379
1392
1405
1420
1433
1448
1465
1481
1499
1517
1535
1553
1574
1595
1617
1641
1667
1696
1723
1752
1784
1817
1851
1885
1921
1956
1991
2028
2063
2099
2133
2169
2201
2235
2267
2299
2329
2357
2383
2409
2433
2454
2473
2491
2505
2515
2524
2531
2532
2531
2528
2517
2507
2493
2475
2456
2434
2409
2385
2358
2332
2304
2277
2249
2221
2196
2172
2147
2125
2104
2083
2064
2048
2032
2018
2005
1995
1983
1974
1966
1958
1950
1941
1931
1923
1913
1900
1888
1873
1857
1840
1820
1800
1777
1757
1736
1714
1692
1671
1651
1632
1613
1597
1581
1568
1556
1545
1536
1525
1517
1509
1501
1493
1484
1474
1467
1457
1447
1436
1424
1412
1399
1385
1373
1361
1348
1336
1324
1312
1304
1294
1287
1281
1276
1273
1273
1273
1276
1281
1287
1296
1307
1319
1332
1349
1368
1386
1407
1427
1449
1468
1491
1511
1531
1549
1565
1580
1592
1601
1608
1613
1616
1616
1613
1609
1603
1596
1587
1577
1569
1560
1552
1541
1534
1527
1518
1515
1511
1507
1504
1502
1501
1499
1499
1497
1493
1493
1489
1485
1479
1472
1463
1451
1439
1423
1405
1389
1369
1347
1325
1301
1277
1253
1229
1202
1180
1156
1132
1109
1088
1065
1044
1024
1005
988
973
960
948
937
931
929
928
931
936
944
951
965
981
1001
1019
1040
1061
1083
1103
1124
1142
1158
1172
1185
1193
1199
1200
1201
1200
1194
1187
1179
1165
1153
1140
1125
1108
1091
1072
1053
1033
1011
992
