Sampling rate=500
2326
2369
2409
2449
2488
2525
2561
2595
2629
2661
2691
2720
2746
2770
2793
2814
2833
2849
2864
2876
2887
2896
2901
2905
2907
2907
2905
2902
2896
2890
2883
2873
2863
2851
2839
2825
2811
2797
2782
2768
2752
2736
2721
2705
2690
2675
2659
2643
2628
2613
2598
2584
2569
2554
2540
2525
2512
2496
2481
2467
2453
2438
2424
2409
2394
2379
2363
2348
2332
2316
2300
2283
2267
2249
2233
2216
2197
2179
2161
2144
2124
2106
2088
2069
2050
2032
2013
1994
1976
1957
1940
1922
1905
1889
1873
1858
1844
1829
1817
1805
1794
1784
1774
1765
1757
1750
1744
1739
1734
1729
1724
1723
1721
1720
1718
1718
1719
1719
1720
1720
1724
1728
1731
1733
1737
1741
1745
1749
1752
1758
1763
1768
1773
1779
1785
1791
1795
1801
1805
1810
1814
1819
1824
1828
1833
1838
1841
1846
1851
1855
1859
1862
1865
1869
1872
1873
1875
1877
1879
1880
1880
1881
1880
1880
1879
1877
1875
1872
1869
1867
1863
1859
1854
1850
1845
1840
1834
1829
1824
1818
1813
1808
1801
1798
1793
1788
1784
1780
1777
1772
1769
1765
1762
1758
1755
1752
1749
1745
1743
1740
1738
1736
1733
1731
1729
1728
1727
1725
1723
1721
1721
1719
1717
1716
1716
1715
1713
1713
1712
1710
1709
1706
1705
1703
1701
1700
1699
1697
1696
1693
1690
1690
1688
1685
1684
1682
1680
1678
1675
1673
1673
1671
1669
1669
1667
1667
1666
1665
1665
1665
1664
1665
1664
1663
1663
1663
1661
1660
1659
1658
1657
1656
1656
1655
1655
1655
1655
1655
1656
1656
1659
1660
1661
1663
1666
1669
1673
1677
1682
1688
1694
1704
1713
1724
1739
1754
1772
1792
1816
1842
1871
1901
1933
1969
2005
2044
2083
2123
2164
2205
2245
2287
2327
2366
2405
2444
2481
2518
2553
2588
2621
2652
2683
2713
2739
2765
2790
2812
2833
2852
2870
2885
2898
2911
2920
2928
2935
2940
2943
2945
2945
2945
2942
2939
2933
2928
2921
2913
2904
2895
2885
2874
2863
2851
2838
2825
2811
2797
2783
2768
2752
2737
2720
2704
2688
2672
2654
2637
2619
2601
2585
2567
2549
2531
2513
2494
2477
2459
2441
2424
2406
2388
2370
2353
2336
2318
2301
2285
2268
2251
2235
2219
2203
2187
2171
2155
2140
2124
2109
2095
2080
2064
2049
2033
2019
2004
1989
1976
1961
1948
1935
1921
1909
1896
1884
1872
1861
1850
1841
1831
1822
1813
1804
1796
1789
1783
1776
1769
1764
1758
1753
1749
1745
1744
1741
1739
1737
1737
1736
1735
1735
1735
1735
1737
1737
1739
1741
1744
1746
1749
1752
1756
1758
1761
1764
1768
1770
1773
1776
1778
1780
1782
1784
1786
1787
1788
1789
1792
1792
1793
1794
1794
1794
1793
1793
1792
1790
1789
1787
1783
1780
1777
1774
1769
1765
1761
1755
1750
1745
1741
1736
1731
1728
1723
1718
1713
1709
1704
1701
1696
1692
1687
1683
1677
1672
1667
1659
1653
1645
1637
1629
1621
1613
1605
1595
1586
1577
1568
1559
1550
1540
1532
1524
1515
1511
1504
1496
1490
1484
1478
1472
1467
1461
1457
1451
1446
1441
1439
1431
1428
1424
1420
1415
1409
1405
1400
1393
1387
1380
1376
1368
1363
1356
1349
1341
1333
1325
1317
1308
1299
1290
1281
1271
1263
1253
1245
1235
1226
1217
1209
1201
1194
1187
1179
1173
1168
1160
1156
1151
1145
1140
1133
1129
1121
1115
1108
1100
1092
1081
1073
1065
1056
1045
1036
1026
1017
1008
999
991
983
979
974
973
975
979
985
996
1009
1027
1049
1076
1105
1137
1173
1210
1251
1296
1341
1389
1437
1488
1537
1587
1636
1685
1733
1780
1826
1870
1913
1953
1992
2028
2061
2093
2121
2147
2170
2190
2208
2223
2235
2244
2249
2253
2253
2252
2248
2241
2232
2221
2209
2196
2181
2166
2149
2133
2116
2099
2081
2064
2045
2028
2010
1992
1976
1957
1941
1924
1908
1891
1873
1857
1840
1824
1806
1788
1773
1757
1738
1721
1703
1686
1669
1652
1634
1617
1600
1583
1564
1548
1529
1512
1493
1475
1457
1440
1421
1405
1387
1372
1355
1337
1321
1304
1287
1269
1253
1235
1218
1201
1184
1165
1146
1129
1110
1092
1073
1056
1035
1018
1003
987
969
954
939
925
912
899
888
876
867
857
849
843
837
832
827
823
821
820
821
821
824
825
829
832
836
840
844
849
853
857
861
867
871
875
880
884
889
892
897
903
907
912
918
924
929
936
942
948
953
961
968
973
978
983
987
990
992
993
995
993
993
992
986
983
980
975
968
961
953
945
936
928
916
906
895
885
875
864
853
843
833
822
813
803
795
787
779
772
765
757
751
744
739
736
729
725
721
717
713
709
705
700
697
693
688
683
677
672
665
659
652
647
639
632
624
615
608
597
588
579
569
557
547
536
526
515
504
493
483
473
464
455
448
439
432
425
420
416
413
411
411
410
411
413
416
419
423
427
431
435
439
443
445
451
455
461
465
469
473
477
481
485
492
497
501
507
513
517
521
525
529
534
537
539
541
544
544
544
541
538
535
531
528
521
513
507
501
493
487
481
475
471
466
465
465
468
473
481
493
508
528
549
576
605
637
673
713
754
797
843
888
936
982
1029
1076
1120
1164
1205
1245
1282
1319
1351
1381
1409
1433
1458
1480
1499
1515
1531
1543
1553
1563
1569
1576
1580
1584
1584
1582
1580
1577
1573
1568
1560
1553
1544
1535
1524
1512
1499
1487
1471
1456
1440
1421
1405
1385
1365
1344
1322
1300
1277
1253
1227
1200
1173
1145
1117
1086
1056
1025
994
961
929
897
864
832
800
767
736
704
673
643
615
587
560
534
512
488
467
447
428
410
394
379
364
352
337
327
315
301
291
281
272
264
255
247
237
229
224
216
208
201
193
188
181
176
169
163
156
149
144
137
129
123
116
109
101
96
88
81
75
69
64
60
56
51
48
44
41
39
35
37
37
36
36
36
35
35
33
33
35
33
33
33
33
33
32
33
33
33
32
32
32
32
32
32
32
32
33
32
33
33
32
33
32
32
32
32
32
32
32
32
32
32
32
32
32
33
32
32
32
33
32
32
32
32
32
32
32
32
33
33
32
32
33
32
32
32
32
31
29
32
31
29
31
31
32
29
29
29
29
29
32
32
32
32
32
31
32
29
29
29
29
28
32
28
29
29
29
29
29
29
29
29
28
28
29
28
28
28
29
29
29
29
29
29
29
29
29
29
31
32
32
32
32
33
32
32
32
32
32
33
32
32
32
33
32
32
32
32
32
32
33
32
33
32
32
32
32
33
32
33
32
32
33
32
32
32
32
33
33
37
41
49
61
75
96
117
145
179
217
260
307
359
413
473
533
597
661
725
793
859
923
987
1049
1111
1168
1225
1277
1328
1376
1419
1460
1498
1533
1564
1592
1617
1640
1659
1676
1689
1697
1704
1708
1708
1705
1698
1689
1676
1663
1645
1626
1605
1582
1557
1532
1505
1480
1453
1425
1399
1373
1348
1324
1300
1279
1257
1237
1218
1200
1184
1168
1155
1141
1129
1116
1106
1096
1085
1075
1065
1056
1044
1034
1024
1010
997
983
969
953
936
919
900
880
861
840
819
797
776
753
731
708
686
665
643
621
600
581
562
544
525
505
491
475
464
451
439
429
422
416
410
407
401
400
400
397
399
397
401
402
405
407
410
415
417
421
427
433
439
447
457
467
477
491
505
519
536
552
571
588
608
625
644
663
681
699
720
736
752
767
781
794
805
817
831
841
851
859
868
876
884
892
899
907
915
925
932
941
950
961
971
983
993
1008
1020
1033
1048
1061
1076
1091
1105
1120
1132
1145
1157
1169
1179
1188
1195
1201
1205
1209
1209
1209
1209
1207
1205
1203
1200
1195
1191
1187
1181
1177
1171
1168
1162
1157
1151
1145
1137
1131
1125
1118
1111
1104
1095
1087
1080
1072
1064
1056
1049
1042
1037
1032
1028
1025
1024
1024
1025
1028
1032
1037
1045
1051
1060
1072
1081
1091
1104
1113
1124
1136
1146
1155
1165
1173
1181
1188
1193
1200
1203
1206
1208
1209
1209
1209
1209
1208
1207
1205
1204
1203
1203
1203
1203
1204
1205
1209
1212
1216
1221
1228
1233
1241
1249
1257
1267
1275
1284
1293
1303
1312
1322
1332
1341
1353
1364
1377
1389
1403
1419
1434
1453
1473
1496
1521
1549
1580
1612
1649
1689
1731
1777
1827
1878
1932
1989
2046
2107
2168
2231
2293
2357
2419
2480
2540
2598
2656
2710
2763
2811
2859
2904
2945
2984
3020
3054
3085
3113
3138
3161
3181
3199
3213
3225
3234
3241
3245
3247
3245
3242
3236
3228
3218
3207
3194
3179
3164
3149
3134
3119
3104
3089
3075
3062
3050
3037
3025
3014
3004
2993
2982
2970
2959
2946
2934
2921
2907
2891
2875
2859
2840
2820
2800
2779
2757
2733
2709
2686
2661
2637
2612
2588
2562
2539
2517
2495
2474
2454
2435
2416
2398
2381
2365
2349
2333
2319
2304
2290
2276
2262
2248
2235
2221
2209
2196
2184
2172
2161
2150
2139
2129
2120
2111
2103
2096
2089
2083
2078
2074
2072
2071
2070
2071
2073
2075
2080
2083
2089
2096
2102
2108
2115
2123
2131
2139
2147
2154
2161
2168
2175
2181
2188
2193
2199
2203
2209
2213
2217
2221
2225
2229
2232
2234
2237
2240
2243
2245
2248
2251
2253
2256
2259
2263
2266
2271
2274
2279
2283
2288
2293
2299
2304
2309
2315
2321
2326
2331
2336
2340
2344
2347
2350
2352
2353
2353
2353
2352
2351
2348
2345
2341
2336
2329
2323
2316
2309
2301
2293
2285
2278
2272
2264
2257
2250
2245
2241
2237
2235
2232
2229
2229
2228
2228
2228
2228
2228
2228
2229
2228
2227
2227
2225
2224
2221
2217
2213
2209
2204
2197
2192
2184
2176
2167
2158
2148
2139
2129
2119
2108
2098
2088
2080
2069
2061
2053
2047
2040
2035
2030
2026
2024
2021
2020
2019
2019
2019
2020
2021
2022
2024
2024
2025
2025
2026
2027
2026
2027
2027
2027
2027
2027
2025
2024
2025
2025
2025
2025
2025
2025
2024
2025
2025
2025
2025
2024
2024
2024
2023
2023
2023
2024
2027
2029
2035
2041
2051
2064
2077
2096
2116
2141
2169
2200
2234
2272
2312
2355
2400
2448
2497
2547
2597
2649
2701
2753
2804
2856
2906
2955
3003
3049
3094
3137
3179
3218
3255
3291
3324
3355
3384
3412
3436
3460
3481
3500
3517
3532
3544
3554
3562
3568
3572
3573
3572
3569
3564
3558
3549
3539
3526
3513
3498
3482
3465
3446
3427
3407
3386
3365
3344
3322
3300
3279
3257
3235
3214
3193
3173
3153
3135
3116
3099
3081
3064
3048
3032
3017
3003
2989
2976
2961
2948
2936
2923
2912
2899
2887
2874
2863
2850
2838
2826
2814
2801
2789
2776
2763
2751
2737
2724
2710
2696
2682
2668
2653
2639
2625
2612
2600
2587
2573
2560
2548
2536
2524
2513
2502
2491
2480
2470
2459
2449
2440
2429
2420
2410
2401
2391
2381
2373
2365
2357
2349
2343
2337
2333
2329
2328
2326
2325
2325
2328
2330
2333
2337
2341
2347
2353
2359
2365
2373
2380
2388
2395
2403
2410
2417
2424
2429
2436
2442
2447
2451
2455
2457
2461
2462
2464
2464
2465
2465
2465
2464
2462
2460
2457
2455
2452
2449
2446
2443
2440
2436
2432
2428
2424
2421
2416
2412
2407
2402
2397
2391
2385
2380
2373
2367
2360
2353
2346
2339
2332
2325
2317
2310
2304
2295
2288
2281
2273
2267
2259
2251
2245
2236
2229
2221
2214
2208
2200
2193
2187
2180
2174
2168
2163
2158
2153
2149
2144
2140
2135
2131
2126
2120
2117
2111
2106
2101
2097
2091
2085
2080
2074
2067
2061
2054
2047
2040
2033
2026
2020
2013
2008
2001
1996
1991
1985
1981
1977
1973
1968
1965
1961
1958
1954
1950
1947
1942
1937
1933
1929
1925
1919
1915
1911
1906
1900
1893
1888
1881
1873
1865
1859
1849
1842
1834
1824
1817
1810
1803
1797
1790
1785
1781
1776
1773
1771
1769
1768
1768
1768
1768
1769
1771
1773
1776
1779
1781
1783
1785
1788
1790
1792
1793
1794
1795
1794
1793
1792
1791
1788
1785
1781
1777
1773
1769
1764
1760
1755
1752
1749
1747
1746
1745
1748
1752
1757
1768
1779
1793
1811
1832
1856
1881
1913
1947
1984
2024
2065
2109
2153
2200
2248
2295
2343
2391
2439
2485
2531
2576
2620
2661
2703
2741
2779
2814
2848
2880
2911
2940
2967
2992
3016
3037
3056
3074
3089
3103
3114
3123
3130
3135
3138
3139
3138
3135
3131
3125
3117
3107
3097
3085
3072
3057
3043
3027
3011
2995
2977
2960
2943
2926
2909
2893
2877
2861
2846
2832
2817
2804
2791
2779
2767
2755
2744
2733
2722
2712
2701
2691
2680
2669
2657
2646
2634
2622
2609
2596
2582
2568
2553
2538
2522
2505
2488
2471
2453
2435
2417
2398
2379
2360
2341
2322
2303
2284
2266
2248
2231
2215
2199
2183
2170
2157
2145
2134
2124
2115
2105
2099
2093
2088
2083
2077
2072
2068
2064
2061
2057
2054
2051
2048
2045
2044
2042
2041
2040
2040
2039
2040
2042
2045
2047
2049
2052
2056
2058
2062
2065
2069
2072
2076
2080
2082
2085
2085
2088
2091
2092
2093
2093
2093
2093
2092
2091
2091
2089
2088
2086
2083
2081
2081
2080
2077
2076
2075
2073
2073
2073
2072
2071
2071
2072
2072
2072
2071
2071
2071
2069
2069
2068
2065
2064
2063
2061
2058
2056
2053
2050
2047
2042
2039
2035
2029
2025
2021
2016
2010
2004
1998
1993
1985
1979
1971
1965
1957
1950
1943
1936
1929
1921
1915
1909
1904
1897
1892
1887
1882
1877
1873
1868
1864
1860
1856
1853
1849
1845
1841
1837
1833
1829
1824
1819
1814
1810
1805
1801
1795
1791
1785
1779
1773
1768
1762
1756
1751
1745
1740
1733
1729
1723
1717
1712
1706
1699
1694
1690
1685
1681
1679
1675
1672
1669
1667
1665
1663
1663
1664
1665
1667
1671
1676
1682
1691
1700
1712
1724
1740
1756
1776
1797
1821
1847
1873
1901
1931
1961
1993
2026
2059
2093
2127
2160
2192
2224
2256
2286
2317
2346
2373
2401
2425
2448
2471
2492
2512
2531
2549
2565
2579
2593
2605
2616
2625
2633
2640
2646
2651
2653
2654
2655
