Sampling rate=500
667
669
672
675
675
681
688
693
702
711
723
736
749
765
786
810
836
864
895
929
967
1005
1050
1095
1141
1189
1239
1290
1340
1395
1447
1499
1552
1603
1653
1701
1752
1799
1844
1888
1930
1970
2007
2043
2078
2109
2137
2163
2187
2208
2226
2243
2257
2268
2276
2282
2285
2288
2286
2285
2282
2277
2272
2263
2256
2245
2239
2229
2219
2209
2200
2191
2181
2171
2163
2154
2145
2137
2129
2121
2112
2105
2097
2089
2081
2073
2065
2056
2047
2040
2031
2021
2011
2001
1991
1980
1968
1957
1945
1933
1921
1908
1895
1880
1867
1853
1840
1824
1809
1795
1781
1765
1752
1739
1725
1712
1699
1685
1673
1660
1649
1640
1631
1620
1611
1603
1595
1588
1581
1577
1571
1566
1563
1559
1555
1553
1550
1552
1552
1550
1551
1552
1552
1553
1554
1555
1558
1560
1561
1564
1565
1568
1569
1568
1572
1575
1576
1579
1581
1584
1585
1588
1591
1595
1599
1603
1607
1611
1616
1620
1627
1633
1640
1645
1652
1657
1665
1673
1680
1687
1694
1702
1711
1717
1725
1734
1742
1749
1757
1766
1774
1781
1788
1797
1805
1812
1817
1824
1830
1832
1839
1843
1845
1848
1849
1850
1848
1849
1848
1846
1843
1840
1835
1829
1825
1819
1812
1806
1799
1793
1784
1779
1773
1768
1761
1756
1752
1748
1745
1744
1741
1740
1740
1741
1741
1741
1745
1749
1753
1756
1761
1766
1770
1777
1785
1792
1798
1805
1812
1820
1827
1833
1841
1849
1856
1861
1868
1873
1878
1883
1888
1892
1896
1899
1902
1904
1909
1912
1913
1917
1919
1924
1927
1931
1935
1940
1944
1949
1955
1960
1965
1971
1976
1981
1987
1995
2000
2005
2011
2016
2022
2027
2033
2039
2044
2048
2053
2057
2061
2064
2069
2075
2077
2080
2084
2086
2088
2091
2096
2097
2099
2100
2103
2104
2105
2109
2112
2113
2116
2119
2121
2127
2133
2139
2146
2155
2166
2177
2193
2211
2229
2250
2273
2298
2325
2355
2386
2419
2454
2489
2528
2567
2605
2645
2687
2727
2766
2807
2846
2885
2922
2958
2992
3025
3057
3086
3114
3139
3163
3184
3204
3222
3237
3251
3264
3273
3283
3290
3297
3301
3304
3305
3307
3307
3305
3303
3300
3296
3291
3285
3280
3273
3265
3258
3249
3241
3232
3222
3212
3202
3192
3181
3169
3158
3146
3134
3122
3109
3096
3082
3069
3055
3041
3027
3012
2997
2982
2967
2951
2936
2920
2905
2889
2874
2859
2844
2830
2816
2800
2788
2776
2763
2749
2738
2726
2714
2704
2693
2683
2673
2664
2654
2644
2635
2628
2619
2611
2603
2595
2587
2578
2571
2565
2557
2551
2544
2537
2531
2525
2519
2514
2508
2504
2500
2496
2491
2489
2487
2484
2482
2480
2480
2478
2477
2477
2477
2477
2478
2479
2480
2480
2481
2484
2486
2488
2490
2493
2496
2499
2501
2504
2508
2511
2514
2516
2521
2524
2528
2530
2536
2538
2541
2544
2548
2552
2555
2558
2562
2565
2569
2573
2577
2581
2584
2588
2589
2594
2597
2600
2602
2603
2605
2605
2608
2608
2608
2608
2608
2606
2604
2603
2603
2601
2599
2597
2596
2593
2591
2590
2587
2585
2584
2581
2580
2578
2576
2574
2572
2571
2569
2567
2565
2564
2561
2560
2557
2555
2554
2552
2549
2547
2545
2541
2540
2539
2536
2533
2531
2528
2526
2523
2522
2519
2517
2515
2512
2511
2507
2506
2504
2501
2499
2497
2494
2491
2489
2488
2486
2484
2483
2481
2480
2478
2477
2478
2478
2477
2478
2479
2480
2481
2481
2483
2485
2486
2488
2489
2491
2492
2492
2494
2496
2497
2498
2498
2499
2499
2499
2499
2499
2499
2499
2497
2496
2495
2493
2493
2491
2490
2488
2487
2485
2483
2480
2480
2480
2478
2477
2478
2479
2480
2482
2485
2489
2496
2503
2512
2522
2535
2549
2567
2585
2606
2629
2652
2679
2707
2736
2768
2799
2831
2864
2896
2931
2965
2998
3030
3062
3092
3121
3149
3177
3202
3225
3248
3268
3287
3304
3318
3332
3344
3354
3362
3369
3375
3379
3381
3383
3384
3383
3382
3380
3377
3372
3368
3364
3359
3353
3348
3342
3336
3330
3324
3319
3313
3307
3301
3296
3288
3283
3277
3270
3263
3256
3249
3240
3233
3225
3216
3207
3197
3187
3176
3165
3154
3143
3130
3118
3105
3092
3080
3067
3054
3041
3027
3014
3000
2986
2973
2960
2947
2933
2921
2908
2894
2882
2870
2857
2845
2833
2821
2809
2797
2786
2775
2764
2753
2741
2731
2720
2709
2699
2689
2680
2669
2660
2651
2643
2635
2628
2621
2613
2608
2603
2598
2593
2589
2586
2583
2580
2579
2577
2576
2576
2576
2575
2576
2574
2576
2577
2577
2578
2580
2581
2582
2583
2585
2587
2589
2591
2593
2593
2595
2597
2598
2600
2601
2603
2603
2604
2605
2606
2608
2606
2608
2609
2609
2609
2609
2609
2609
2608
2608
2608
2608
2607
2607
2605
2605
2602
2601
2601
2600
2599
2597
2595
2593
2590
2589
2587
2584
2582
2579
2576
2572
2569
2567
2564
2561
2558
2556
2553
2551
2549
2547
2544
2542
2541
2537
2536
2535
2532
2531
2528
2526
2523
2521
2518
2515
2512
2509
2506
2503
2499
2496
2492
2489
2485
2481
2477
2472
2469
2465
2461
2456
2452
2448
2443
2440
2437
2433
2430
2427
2424
2421
2418
2416
2413
2412
2409
2408
2407
2405
2403
2401
2400
2399
2397
2395
2393
2392
2389
2388
2385
2384
2383
2381
2379
2376
2375
2374
2373
2372
2371
2369
2369
2368
2368
2368
2368
2368
2369
2369
2370
2370
2371
2373
2373
2375
2376
2377
2378
2378
2381
2381
2382
2384
2384
2385
2385
2385
2387
2390
2393
2397
2401
2408
2416
2424
2435
2449
2464
2480
2499
2519
2541
2565
2592
2620
2648
2677
2707
2738
2768
2800
2831
2861
2891
2920
2948
2975
3002
3027
3051
3073
3095
3113
3133
3150
3166
3180
3193
3205
3215
3225
3232
3238
3243
3247
3249
3249
3249
3249
3246
3243
3239
3234
3228
3222
3216
3208
3201
3192
3184
3175
3165
3156
3147
3137
3128
3117
3108
3097
3087
3077
3067
3057
3046
3036
3026
3016
3006
2996
2986
2976
2965
2957
2947
2937
2926
2917
2907
2896
2887
2877
2867
2856
2847
2837
2826
2815
2806
2795
2784
2774
2763
2752
2740
2730
2720
2707
2696
2685
2673
2661
2651
2640
2628
2617
2606
2596
2587
2577
2567
2559
2552
2544
2537
2531
2525
2519
2516
2512
2508
2505
2503
2500
2497
2497
2496
2494
2493
2491
2490
2488
2488
2487
2484
2483
2481
2480
2477
2476
2473
2472
2470
2467
2465
2461
2461
2458
2456
2455
2453
2451
2449
2449
2448
2448
2447
2446
2445
2445
2445
2445
2446
2447
2446
2447
2448
2448
2448
2448
2448
2447
2448
2448
2448
2448
2448
2445
2447
2445
2445
2443
2443
2441
2439
2437
2436
2434
2432
2429
2427
2424
2420
2418
2416
2412
2408
2405
2401
2397
2394
2391
2387
2384
2380
2376
2372
2368
2364
2359
2355
2348
2345
2341
2337
2332
2327
2323
2318
2313
2311
2307
2304
2301
2297
2293
2290
2288
2285
2282
2280
2277
2272
2270
2267
2263
2260
2257
2252
2251
2248
2245
2242
2240
2235
2234
2232
2230
2227
2226
2224
2221
2220
2219
2218
2216
2216
2213
2213
2213
2211
2211
2209
2208
2208
2207
2205
2204
2203
2201
2200
2200
2197
2197
2195
2193
2189
2189
2187
2185
2184
2182
2179
2179
2177
2175
2173
2171
2170
2168
2167
2166
2165
2164
2163
2163
2163
2165
2165
2167
2170
2173
2178
2183
2192
2201
2211
2224
2237
2253
2270
2290
2311
2332
2356
2379
2405
2431
2458
2484
2512
2539
2565
2591
2617
2642
2667
2689
2712
2733
2753
2772
2789
2807
2823
2837
2851
2863
2874
2883
2893
2902
2908
2913
2918
2920
2923
2925
2925
2925
2923
2921
2917
2913
2908
2904
2897
2890
2883
2875
2867
2857
2850
2840
2831
2821
2811
2800
2790
2779
2768
2757
2746
2736
2724
2715
2704
2693
2684
2674
2664
2654
2645
2634
2626
2617
2608
2599
2590
2580
2573
2564
2555
2546
2537
2528
2518
2510
2500
2491
2482
2472
2461
2451
2442
2432
2421
2411
2400
2388
2377
2367
2356
2345
2333
2323
2312
2301
2292
2281
2273
2263
2255
2245
2237
2231
2224
2217
2212
2206
2201
2196
2193
2190
2187
2183
2181
2179
2175
2175
2175
2173
2172
2171
2170
2170
2168
2170
2169
2169
2169
2169
2168
2167
2168
2168
2167
2167
2165
2164
2164
2164
2163
2163
2162
2161
2161
2160
2161
2161
2161
2161
2161
2161
2161
2161
2163
2163
2162
2163
2163
2161
2163
2163
2163
2163
2163
2162
2162
2163
2163
2163
2162
2161
2161
2161
2161
2160
2160
2160
2158
2156
2157
2156
2155
2153
2153
2152
2151
2148
2145
2146
2144
2141
2140
2138
2136
2133
2131
2129
2128
2125
2123
2121
2119
2117
2114
2113
2113
2111
2110
2109
2107
2105
2105
2104
2103
2103
2101
2101
2100
2100
2097
2099
2098
2097
2096
2097
2096
2096
2096
2093
2093
2093
2091
2091
2091
2089
2088
2087
2087
2085
2084
2083
2082
2080
2080
2079
2077
2076
2075
2073
2071
2071
2070
2069
2068
2067
2066
2065
2063
2064
2064
2063
2062
2061
2061
2061
2061
2062
2062
2063
2063
2062
2064
2064
2066
2067
2069
2071
2073
2076
2080
2084
2091
2096
2104
2112
2121
2133
2147
2161
2177
2196
2216
2237
2259
2283
2309
2334
2361
2389
2416
2445
2471
2500
2528
2555
2581
2605
2630
2653
2676
2696
2716
2735
2751
2769
2784
2797
2811
2821
2832
2842
2849
2856
2862
2867
2869
2872
2874
2875
2875
2873
2871
2869
2865
2860
2856
2851
2845
2839
2832
2825
2817
2809
2802
2794
2785
2777
2768
2758
2749
2739
2731
2721
2712
2703
2693
2683
2673
2665
2656
2648
2638
2629
2620
2612
2603
2595
2586
2577
2569
2561
2553
2544
2536
2528
2520
2512
2503
2495
2486
2476
2469
2460
2451
2442
2433
2423
2412
2404
2394
2384
2374
2365
2355
2344
2336
2327
2317
2309
2300
2292
2284
2276
2270
2264
2257
2251
2247
2241
2237
2234
2231
2227
2225
2223
2221
2218
2219
2218
2218
2218
2219
2220
2221
2221
2224
2226
2227
2230
2232
2235
2237
2240
2244
2248
2249
2252
2257
2260
2263
2265
2269
2273
2275
2277
2281
2283
2286
2288
2291
2292
2295
2296
2297
2297
2299
2300
2301
2301
2301
2302
2301
2301
2301
2300
2299
2299
2297
2295
2294
2294
2293
2291
2289
2288
2287
2283
2283
2281
2280
2278
2275
2275
2272
2269
2267
2266
2264
2261
2259
2257
2255
2251
2249
2248
2245
2243
2241
2239
2236
2233
2233
2232
2229
2227
2226
2224
2222
2221
2220
2218
2217
2215
2213
2212
2211
2211
2209
2208
2206
2205
2202
2201
2201
2200
2198
2197
2196
2195
2193
2193
2192
2192
2191
2189
2189
2187
2187
2187
2187
2186
2186
2186
2186
2185
2185
2187
2187
2188
2189
2188
2189
2189
2189
2192
2192
2193
2193
2194
2195
2194
2196
2198
2197
2198
2199
2200
2200
2203
2203
2205
2205
2207
2208
2209
2210
2212
2213
2215
2217
2219
2221
2224
2225
2228
2229
2232
2235
2237
2239
2241
2243
2245
2248
2251
2253
2255
2256
2258
2260
2261
2262
2265
2266
2267
2267
2271
2272
2273
2275
2278
2281
2285
2289
2296
2303
2310
2320
2331
2343
2359
2375
2393
2412
2433
2454
2477
2503
2528
2552
2578
2604
2629
2654
2680
2704
2728
2751
2772
2793
2811
2831
2848
2864
2880
2893
2905
2916
2927
2937
2944
2951
2956
2960
2963
2966
2967
2967
2967
2965
2962
2959
2955
2950
2944
2938
2931
2922
2915
2907
2898
2889
2879
2868
2857
2848
2837
2826
2816
2804
2793
2783
2772
2761
2750
2739
2727
2719
2708
2696
2686
2675
2664
2655
2644
2634
2624
2613
2603
2594
2584
2575
2565
2554
2545
2537
2528
2519
2509
2500
2492
2483
2475
2465
2455
2448
2439
2430
2421
2412
2403
2395
2387
2379
2371
2363
2356
2349
2342
2336
2329
2323
2317
2313
2308
2304
2300
2296
2293
2291
2288
2286
2284
2283
2280
2280
2280
2278
2278
2277
2277
2277
2279
2279
2280
2281
2281
2281
2283
2285
2285
2287
2288
2289
2291
2293
2295
2297
2298
2299
2301
2304
2305
2307
2309
2309
2313
2314
2316
2317
2318
2318
2320
2321
2322
2323
2323
2323
2323
2324
2324
2324
2324
2322
2323
2322
2321
2320
2319
2317
2315
2315
2313
2311
2309
2307
2305
2301
2301
2298
2296
2293
2290
2288
2285
2283
2280
2278
2275
2272
2269
2268
2265
2261
2259
2256
2255
2252
2249
2246
2244
2241
2240
2237
2235
2233
2231
2228
2227
2224
2221
2220
2217
2216
2214
2213
2211
2209
2208
2205
2204
2203
2201
2200
2199
2196
2196
2195
2193
2193
2191
2190
2188
2188
2187
2185
2184
2181
2181
2180
2179
2179
2176
2175
2175
2174
2173
2172
2169
2170
2169
2168
2167
2167
2165
2165
2165
2165
2164
2164
2161
2163
2162
2161
2161
2160
2160
2160
2160
2159
2157
2157
2156
2157
2157
2158
2160
2161
2163
2168
2173
2179
2187
2195
2206
2219
2233
2248
2265
2284
2304
2326
2348
2371
2395
2419
2445
2469
2493
2517
2541
2563
2587
2609
2629
2649
2668
2685
2703
2719
2733
2747
2759
2770
2781
2790
2798
2806
2812
2817
2821
2825
2827
2829
2828
2829
2828
2827
2824
2821
2816
2813
2808
2802
2797
2791
2784
2777
2770
2761
2753
2747
2739
2730
2722
2714
2705
2697
2689
2680
2672
2664
2654
2647
2638
2630
2621
2613
2605
2597
2588
2580
2572
2563
2555
2548
2540
2531
2523
2514
2507
2499
2491
2482
2474
2465
2457
2449
2441
2432
2423
2415
2405
2397
2388
2379
2371
2361
2351
2344
2336
2326
2317
2309
2300
2293
2285
2278
2270
2263
2256
2251
2244
2238
2233
2228
2222
2219
2215
2211
2208
2206
2203
2202
2200
2198
2197
2195
2196
2195
2195
2195
2196
2196
2196
2199
2199
2201
2201
2203
2205
2205
2208
2209
2210
2212
2212
2215
2216
2217
2218
2219
2221
2222
2224
2224
2224
2224
2225
2226
2227
2228
2228
2227
2229
2229
2229
2229
2228
2227
2227
2227
2226
2225
2224
2223
2223
2221
2220
2217
2217
2215
2213
2210
2210
2208
2205
2201
2201
2198
2195
2192
2189
2187
2184
2181
2178
2175
2171
2169
2166
2163
2161
2157
2153
2153
2149
2148
2145
2144
2141
2139
2137
2135
2133
2130
2129
2128
2126
2124
2123
2119
2119
2117
2116
2114
2113
2109
2109
2108
2107
2106
2105
2104
2101
2103
2101
2101
2101
2100
2099
2097
2098
2097
2096
2096
2094
2092
2090
2091
2089
2088
2086
2085
2083
2083
2082
2081
2080
2080
2079
2077
2077
2077
2077
2076
2076
2075
2076
2076
2076
2076
2076
2076
2074
2075
2076
2076
2076
2076
2074
2075
2076
2075
2075
2075
2073
2077
2078
2080
2083
2087
2092
2099
2107
2117
2128
2141
2155
2171
2189
2208
2230
2252
