Sampling rate=500
2119
2111
2104
2097
2091
2083
2076
2069
2061
2055
2050
2044
2038
2033
2030
2023
2019
2014
2010
2004
1999
1996
1991
1988
1986
1983
1980
1980
1975
1975
1972
1971
1967
1966
1964
1962
1962
1961
1961
1962
1960
1961
1961
1961
1962
1960
1960
1960
1962
1963
1963
1964
1966
1967
1968
1968
1969
1970
1968
1970
1967
1970
1967
1967
1967
1970
1967
1967
1967
1967
1966
1963
1963
1960
1960
1958
1957
1956
1956
1956
1956
1955
1954
1953
1954
1951
1950
1950
1948
1950
1950
1950
1951
1951
1951
1951
1953
1951
1951
1951
1951
1951
1951
1952
1951
1953
1954
1954
1954
1954
1952
1951
1951
1950
1948
1948
1948
1946
1947
1947
1944
1943
1944
1940
1939
1937
1935
1933
1932
1931
1930
1928
1927
1926
1924
1923
1920
1918
1917
1916
1912
1911
1911
1910
1908
1908
1908
1906
1906
1906
1902
1901
1900
1900
1898
1898
1898
1896
1897
1896
1896
1896
1896
1893
1892
1891
1892
1890
1890
1891
1890
1890
1891
1891
1890
1890
1890
1887
1887
1887
1887
1886
1885
1884
1884
1884
1884
1881
1880
1879
1876
1874
1872
1871
1870
1868
1869
1866
1866
1866
1864
1862
1861
1859
1858
1855
1854
1852
1852
1853
1850
1848
1847
1846
1843
1841
1838
1834
1833
1830
1826
1823
1823
1822
1822
1820
1820
1820
1822
1823
1828
1834
1839
1848
1858
1870
1884
1899
1916
1935
1954
1974
1995
2015
2039
2063
2086
2111
2134
2159
2183
2207
2228
2250
2272
2290
2308
2325
2340
2356
2371
2383
2397
2408
2418
2428
2435
2444
2447
2455
2457
2462
2463
2467
2470
2470
2471
2472
2474
2474
2471
2470
2466
2463
2462
2457
2454
2450
2446
2444
2440
2434
2430
2424
2419
2414
2409
2403
2397
2394
2387
2383
2379
2373
2369
2364
2359
2353
2348
2343
2335
2331
2326
2319
2315
2311
2305
2300
2294
2290
2283
2277
2270
2263
2258
2252
2245
2239
2233
2227
2220
2214
2207
2201
2193
2187
2178
2171
2166
2158
2151
2144
2137
2130
2125
2116
2109
2103
2092
2085
2078
2070
2063
2056
2050
2044
2037
2031
2025
2018
2012
2004
1999
1992
1987
1980
1976
1972
1966
1963
1959
1956
1950
1946
1943
1940
1935
1934
1931
1931
1928
1927
1928
1926
1926
1925
1924
1923
1922
1923
1921
1922
1923
1922
1923
1924
1926
1926
1927
1928
1928
1929
1929
1930
1930
1931
1934
1934
1935
1939
1938
1939
1940
1940
1940
1942
1940
1942
1945
1943
1946
1947
1948
1948
1948
1948
1948
1947
1946
1948
1946
1944
1946
1946
1945
1946
1943
1943
1943
1942
1941
1940
1939
1938
1939
1940
1939
1940
1940
1942
1942
1942
1943
1940
1940
1940
1940
1939
1939
1942
1940
1940
1940
1940
1938
1938
1938
1935
1934
1934
1933
1932
1932
1931
1932
1932
1931
1931
1930
1931
1928
1927
1926
1926
1927
1926
1926
1927
1926
1927
1926
1924
1923
1924
1920
1920
1920
1918
1918
1918
1916
1916
1915
1914
1913
1910
1910
1909
1905
1903
1903
1902
1901
1900
1901
1898
1897
1896
1895
1894
1892
1891
1890
1891
1891
1892
1893
1894
1895
1895
1896
1898
1897
1898
1900
1899
1900
1903
1904
1906
1907
1911
1910
1911
1912
1911
1911
1911
1910
1910
1910
1910
1908
1906
1905
1903
1899
1896
1893
1891
1887
1884
1884
1881
1882
1882
1885
1886
1889
1893
1898
1903
1910
1919
1927
1939
1951
1967
1982
1999
2018
2038
2058
2078
2099
2122
2145
2167
2191
2214
2238
2262
2286
2306
2328
2348
2367
2385
2402
2415
2432
2445
2458
2470
2482
2490
2498
2509
2514
2521
2527
2531
2535
2538
2542
2544
2547
2550
2551
2554
2555
2555
2555
2552
2551
2548
2546
2543
2540
2538
2534
2531
2527
2523
2521
2514
2510
2504
2499
2494
2488
2482
2477
2471
2467
2462
2455
2449
2443
2438
2428
2422
2415
2407
2399
2392
2386
2379
2372
2367
2358
2350
2342
2333
2325
2315
2307
2302
2290
2283
2275
2266
2259
2248
2240
2231
2220
2211
2201
2191
2182
2174
2163
2155
2147
2138
2130
2122
2114
2103
2096
2088
2080
2074
2068
2063
2056
2052
2048
2043
2038
2034
2030
2026
2020
2017
2013
2010
2007
2007
2003
2002
1999
1998
1996
1994
1990
1988
1985
1984
1982
1979
1978
1976
1975
1972
1970
1967
1966
1963
1960
1958
1954
1951
1951
1949
1948
1946
1946
1943
1940
1939
1935
1934
1931
1930
1927
1926
1925
1923
1922
1920
1920
1917
1915
1914
1910
1908
1906
1903
1903
1902
1902
1902
1900
1899
1898
1898
1896
1896
1894
1894
1894
1894
1894
1895
1895
1896
1896
1898
1898
1897
1896
1895
1895
1895
1894
1895
1896
1895
1896
1898
1896
1897
1898
1896
1895
1896
1896
1896
1896
1898
1898
1898
1899
1898
1898
1897
1897
1895
1893
1893
1890
1889
1887
1887
1885
1884
1883
1879
1878
1875
1871
1869
1866
1863
1861
1859
1857
1855
1853
1851
1849
1846
1843
1840
1838
1835
1832
1831
1830
1828
1828
1827
1827
1825
1823
1822
1821
1820
1819
1819
1816
1816
1816
1816
1815
1815
1814
1813
1811
1810
1809
1809
1807
1806
1806
1806
1805
1806
1804
1806
1804
1805
1802
1802
1802
1799
1800
1802
1799
1800
1802
1800
1800
1801
1799
1799
1800
1799
1798
1798
1799
1800
1800
1802
1804
1803
1802
1803
1803
1801
1799
1798
1796
1795
1794
1792
1790
1789
1786
1784
1780
1778
1775
1772
1772
1771
1773
1775
1778
1783
1790
1798
1807
1819
1830
1844
1860
1878
1897
1918
1942
1966
1991
2016
2044
2069
2096
2124
2150
2175
2201
2226
2252
2274
2298
2321
2340
2360
2378
2397
2410
2425
2439
2450
2462
2472
2484
2491
2499
2506
2515
2519
2523
2527
2531
2531
2533
2535
2535
2534
2534
2533
2534
2531
2527
2526
2519
2516
2510
2505
2498
2492
2486
2479
2474
2466
2459
2455
2443
2436
2427
2421
2410
2402
2394
2387
2379
2373
2365
2358
2351
2344
2335
2330
2323
2318
2308
2304
2297
2293
2286
2281
2276
2269
2263
2258
2251
2247
2238
2231
2223
2216
2210
2204
2196
2189
2182
2174
2165
2155
2146
2138
2126
2117
2107
2098
2088
2078
2070
2061
2050
2039
2030
2022
2010
2001
1992
1984
1976
1969
1962
1955
1948
1943
1935
1930
1924
1919
1912
1908
1905
1899
1896
1893
1890
1887
1885
1883
1879
1876
1875
1871
1870
1870
1867
1867
1867
1868
1867
1867
1868
1867
1867
1867
1867
1867
1867
1868
1871
1871
1872
1874
1877
1875
1877
1876
1876
1876
1876
1876
1875
1876
1876
1876
1876
1875
1875
1875
1873
1871
1871
1869
1868
1866
1866
1866
1866
1866
1865
1865
1865
1863
1863
1862
1862
1860
1861
1862
1863
1862
1863
1866
1865
1865
1866
1864
1864
1864
1863
1863
1864
1863
1864
1865
1864
1865
1864
1865
1862
1861
1860
1860
1857
1856
1855
1855
1854
1855
1853
1852
1850
1848
1845
1843
1842
1839
1838
1838
1835
1834
1833
1833
1832
1828
1827
1824
1822
1822
1818
1816
1815
1814
1814
1812
1811
1809
1807
1807
1804
1802
1800
1798
1797
1797
1796
1794
1794
1794
1792
1791
1791
1788
1786
1785
1784
1782
1782
1781
1781
1778
1778
1777
1775
1774
1774
1771
1770
1767
1767
1767
1766
1766
1766
1766
1766
1765
1763
1763
1762
1762
1761
1761
1762
1762
1763
1764
1765
1766
1768
1767
1768
1769
1768
1768
1768
1768
1769
1768
1768
1768
1767
1765
1764
1761
1758
1755
1753
1751
1751
1749
1749
1749
1750
1752
1755
1759
1763
1770
1777
1787
1798
1811
1826
1844
1863
1883
1906
1929
1952
1978
2003
2030
2058
2083
2112
2140
2166
2191
2220
2244
2269
2292
2315
2332
2353
2371
2389
2403
2419
2435
2447
2459
2471
2482
2490
2498
2504
2511
2516
2522
2524
2527
2531
2534
2535
2535
2538
2534
2533
2530
2527
2524
2519
2515
2511
2505
2501
2494
2488
2482
2475
2467
2458
2450
2440
2431
2423
2414
2405
2397
2388
2380
2371
2364
2355
2346
2339
2330
2322
2314
2307
2300
2295
2288
2282
2278
2271
2266
2259
2255
2246
2239
2234
2227
2221
2214
2207
2202
2194
2188
2178
2170
2162
2153
2142
2134
2126
2116
2106
2098
2089
2078
2069
2060
2049
2038
2029
2015
2007
1999
1988
1979
1971
1962
1954
1947
1939
1931
1924
1918
1910
1903
1899
1895
1889
1886
1882
1881
1875
1871
1869
1867
1863
1860
1857
1855
1854
1854
1852
1851
1852
1850
1850
1849
1847
1847
1846
1846
1846
1845
1846
1847
1847
1848
1850
1850
1850
1852
1850
1850
1850
1850
1850
1851
1852
1851
1852
1854
1852
1852
1851
1851
1848
1848
1847
1847
1846
1847
1847
1846
1846
1847
1845
1844
1843
1843
1842
1842
1843
1842
1842
1844
1843
1844
1845
1846
1845
1846
1846
1844
1844
1846
1845
1846
1847
1847
1848
1850
1848
1849
1850
1848
1847
1847
1847
1846
1846
1847
1846
1845
1844
1844
1842
1839
1837
1834
1832
1829
1828
1823
1822
1819
1816
1813
1810
1807
1802
1798
1794
1790
1785
1782
1779
1774
1771
1768
1765
1762
1758
1755
1750
1747
1743
1739
1737
1733
1731
1728
1725
1722
1719
1715
1711
1709
1704
1700
1696
1694
1691
1688
1686
1684
1680
1678
1677
1672
1670
1667
1664
1662
1660
1657
1656
1655
1654
1652
1651
1650
1647
1646
1643
1641
1639
1639
1636
1636
1635
1636
1635
1634
1634
1633
1633
1631
1630
1627
1626
1626
1626
1623
1623
1622
1620
1617
1615
1613
1610
1606
1603
1598
1595
1592
1590
1586
1583
1580
1578
1575
1572
1571
1571
1572
1575
1578
1585
1594
1603
1615
1630
1645
1663
1682
1704
1727
1751
1779
1807
1838
1869
1902
1935
1968
2002
2036
2068
2102
2132
2163
2191
2221
2248
2275
2299
2323
2347
2366
2383
2399
2417
2432
2444
2457
2469
2479
2488
2497
2505
2511
2520
2522
2527
2531
2532
2534
2536
2534
2534
2535
2531
2530
2527
2523
2519
2516
2508
2503
2495
2491
2481
2476
2468
2462
2455
2450
2441
2434
2426
2418
2410
2402
2396
2386
2379
2374
2365
2359
2351
2347
2337
2331
2323
2318
2308
2301
2293
2287
2279
2274
2263
2257
2249
2242
2232
2223
2215
2205
2195
2186
2175
2164
2155
2145
2134
2124
2113
2101
2089
2078
2063
2052
2038
2026
2015
2002
1990
1979
1967
1955
1944
1932
1922
1911
1902
1891
1883
1875
1868
1862
1855
1850
1843
1838
1832
1827
1822
1818
1811
1807
1804
1800
1798
1796
1794
1791
1789
1788
1785
1783
1781
1780
1778
1777
1778
1777
1776
1777
1779
1778
1779
1780
1778
1778
1778
1779
1780
1780
1783
1783
1784
1786
1788
1787
1788
1787
1789
1787
1788
1788
1788
1789
1790
1791
1791
1790
1791
1791
1790
1790
1788
1788
1787
1788
1790
1789
1790
1791
1792
1794
1794
1795
1796
1798
1799
1802
1802
1804
1806
1807
1812
1811
1812
1814
1814
1814
1813
1814
1814
1815
1815
1815
1815
1815
1814
1814
1814
1812
1811
1810
1807
1806
1804
1802
1802
1802
1800
1799
1798
1795
1794
1792
1789
1787
1786
1784
1783
1782
1783
1781
1780
1780
1779
1778
1775
1775
1773
1772
1771
1772
1770
1768
1770
1767
1766
1766
1763
1762
1759
1758
1756
1755
1755
1754
1754
1752
1752
1752
1751
1750
1748
1747
1746
1745
1743
1743
1746
1744
1746
1747
1749
1747
1748
1750
1750
1750
1751
1754
1754
1756
1759
1762
1763
1766
1768
1772
1771
1773
1775
1775
1777
1778
1781
1780
1781
1781
1780
1780
1778
1778
1772
1769
1765
1762
1758
1755
1751
1751
1748
1748
1747
1748
1748
1750
1754
1758
1766
1775
1784
1798
1812
1827
1846
1864
1886
1906
1930
1954
1980
2007
2033
2061
2090
2119
2147
2176
2204
2230
2256
2282
2306
2327
2350
2371
2391
2410
2428
2446
2460
2476
2490
2500
2511
2520
2530
2536
2543
2548
2555
2559
2562
2566
2567
2568
2567
2568
2564
2562
2559
2556
2551
2548
2543
2539
2534
2530
2523
2517
2511
2503
2496
2490
2482
2475
2468
2462
2455
2447
2443
2434
2426
2419
2411
2403
2397
2387
2380
2372
2366
2358
2350
2342
2334
2325
2317
2305
2296
2287
2275
2266
2255
2245
2235
2225
2216
2204
2194
2182
2170
2162
2147
2136
2126
2114
2103
2094
2082
2071
2060
2049
2038
2027
2015
2004
1994
1982
1972
1964
1954
1943
1935
1927
1918
1910
1902
1893
1885
1877
1871
1863
1858
1852
1846
1840
1835
1830
1823
1819
1814
1807
1804
1800
1796
1794
1791
1790
1788
1785
1783
1783
1780
1778
1778
1775
1775
1775
1775
1775
1777
1778
1778
1779
1780
1780
1780
1782
1780
1780
1782
1780
1782
1783
1783
1784
1784
1784
1783
1783
1782
1780
1779
1779
1777
1777
1778
1775
1775
1775
1775
1774
1774
1771
1770
1769
1768
1768
1769
1770
1770
1770
1772
1770
1771
1771
1771
1770
1769
1770
1770
1770
1771
1771
1771
1772
1772
1773
1771
1771
1770
1769
1768
1767
1768
1767
1767
1767
1766
1766
1766
1763
1762
1761
1759
1758
1756
1756
1755
1756
1754
1754
1753
1751
1749
1747
1745
1743
1741
1740
1738
1738
1737
1735
1735
1732
1731
1729
1726
1724
1723
1720
1718
1718
1716
1715
1715
1712
1711
1711
1709
1707
1706
1703
1702
1700
1699
1698
1699
1696
1695
1695
1694
1692
1691
1689
1687
1686
1683
1682
1682
1679
1679
1680
1678
1677
1677
1675
1674
1673
1670
1670
1670
1668
1669
1670
1668
1669
1669
1669
1669
1670
1669
1669
1670
1670
1672
1674
1675
1678
1679
1679
1682
1683
1683
1683
1685
1684
1684
1683
1684
1684
1684
1684
1683
1682
1679
1679
1676
1675
1674
1675
1676
1679
1683
1687
1694
1702
1713
1723
1737
1753
1770
1789
1810
1834
1861
1887
1917
1948
1979
2011
2044
2075
2108
2141
2172
2203
2236
2266
2295
2324
2350
2377
2402
2425
2446
2466
2486
2505
2519
2535
2551
2564
2575
2590
2598
2607
2616
2623
2628
2633
2638
2639
2643
2645
2647
2647
2647
2647
2645
2642
2639
2635
2629
2623
2618
2610
2604
2598
2588
2582
2573
2564
2554
2544
2536
2524
2515
2503
2494
2484
2474
2465
2455
2446
2437
2428
2419
2410
2401
2391
2384
2376
2369
2364
2354
2348
2342
2334
2327
2319
2311
2303
2297
2286
2278
2271
2261
2253
2246
2235
2226
2218
2206
2195
2185
2172
2160
2148
2136
2126
2113
2101
2089
2076
2063
2050
2038
2023
2010
1996
1984
1972
1962
1948
1938
1929
1918
1908
1900
1887
1881
1873
1864
1857
1851
1846
1839
1838
1832
1829
1826
1822
1819
1815
1813
1811
1807
1807
1804
1804
1804
1802
1802
1801
1800
1799
1799
1799
1797
1798
1797
1796
1798
1798
1799
1799
1802
1802
1803
1805
1803
1803
1804
1805
1806
1807
1810
1810
1812
1814
1814
1814
1814
1814
1814
1814
1815
1814
1815
1815
