Sampling rate=500
1935
1935
1935
1934
1934
1934
1934
1934
1935
1935
1934
1934
1934
1932
1932
1931
1930
1930
1930
1930
1929
1929
1927
1927
1926
1926
1924
1922
1920
1920
1918
1918
1916
1916
1915
1915
1914
1914
1913
1911
1908
1906
1906
1904
1903
1902
1901
1901
1901
1901
1900
1899
1898
1896
1894
1893
1892
1892
1891
1891
1889
1890
1889
1888
1887
1886
1885
1883
1882
1881
1879
1879
1879
1879
1878
1877
1876
1875
1874
1873
1871
1871
1870
1869
1869
1869
1868
1869
1869
1869
1869
1868
1868
1868
1867
1867
1868
1868
1870
1871
1871
1872
1874
1874
1875
1875
1877
1877
1877
1877
1876
1876
1876
1877
1876
1877
1876
1874
1873
1871
1869
1867
1865
1865
1863
1864
1864
1864
1865
1867
1870
1873
1878
1883
1890
1899
1910
1922
1935
1951
1967
1983
2003
2021
2041
2059
2079
2100
2120
2142
2161
2181
2202
2221
2239
2257
2273
2288
2302
2318
2330
2342
2354
2364
2374
2383
2391
2399
2407
2413
2418
2423
2427
2430
2434
2437
2439
2442
2442
2443
2444
2444
2443
2442
2439
2437
2434
2431
2428
2426
2422
2418
2414
2409
2404
2398
2392
2385
2378
2373
2366
2359
2351
2346
2340
2334
2328
2323
2318
2311
2306
2300
2294
2287
2283
2279
2275
2271
2268
2266
2262
2260
2255
2250
2247
2242
2238
2234
2231
2228
2222
2218
2214
2210
2206
2199
2192
2186
2180
2174
2167
2162
2156
2148
2142
2136
2129
2122
2116
2106
2099
2090
2082
2074
2066
2058
2052
2046
2037
2030
2023
2015
2008
2001
1995
1988
1982
1976
1972
1967
1964
1961
1958
1955
1951
1948
1946
1943
1939
1935
1935
1934
1934
1932
1932
1931
1931
1930
1928
1926
1925
1923
1922
1920
1920
1920
1919
1918
1918
1918
1916
1915
1913
1911
1910
1910
1908
1906
1906
1903
1903
1903
1902
1901
1899
1897
1895
1893
1891
1890
1887
1887
1886
1885
1884
1883
1881
1879
1878
1875
1873
1869
1867
1866
1864
1863
1862
1860
1859
1859
1857
1855
1854
1851
1850
1848
1848
1847
1847
1848
1849
1850
1850
1850
1850
1848
1848
1846
1846
1847
1847
1847
1849
1849
1850
1850
1851
1850
1850
1850
1847
1847
1847
1848
1846
1847
1848
1847
1847
1847
1847
1846
1844
1844
1844
1842
1842
1844
1842
1843
1842
1843
1843
1842
1842
1841
1839
1839
1839
1839
1839
1839
1841
1840
1840
1840
1840
1839
1839
1838
1836
1835
1835
1835
1835
1835
1835
1836
1835
1835
1835
1834
1834
1834
1834
1834
1834
1836
1838
1839
1839
1839
1842
1842
1843
1844
1844
1845
1846
1847
1849
1850
1852
1855
1855
1855
1857
1857
1857
1859
1860
1860
1862
1863
1865
1866
1867
1868
1868
1868
1866
1865
1863
1860
1859
1856
1855
1853
1851
1850
1846
1844
1842
1839
1838
1837
1838
1839
1842
1847
1852
1860
1868
1876
1887
1898
1911
1924
1939
1955
1973
1991
2011
2031
2054
2076
2099
2122
2143
2167
2187
2209
2230
2251
2270
2290
2308
2326
2343
2358
2372
2386
2398
2409
2419
2428
2437
2445
2452
2460
2467
2474
2479
2484
2490
2493
2496
2499
2502
2506
2508
2511
2513
2514
2515
2517
2517
2517
2516
2516
2513
2511
2510
2507
2506
2502
2500
2498
2494
2490
2487
2479
2475
2470
2463
2458
2452
2447
2442
2439
2432
2426
2420
2414
2407
2402
2395
2387
2381
2376
2367
2361
2356
2350
2343
2335
2331
2323
2316
2307
2300
2292
2285
2277
2270
2264
2258
2251
2243
2237
2227
2220
2212
2206
2199
2192
2186
2181
2176
2172
2166
2161
2156
2150
2145
2141
2134
2129
2125
2120
2117
2112
2108
2106
2102
2098
2094
2089
2086
2082
2079
2076
2074
2074
2072
2071
2071
2069
2067
2066
2066
2064
2063
2063
2063
2063
2063
2066
2067
2069
2070
2071
2072
2074
2074
2074
2074
2075
2075
2076
2078
2078
2078
2079
2078
2078
2076
2075
2073
2070
2068
2067
2065
2063
2062
2060
2059
2056
2054
2050
2049
2046
2044
2042
2039
2038
2036
2036
2036
2035
2035
2035
2036
2035
2034
2035
2033
2033
2036
2037
2036
2038
2039
2040
2042
2042
2043
2044
2044
2044
2045
2046
2047
2047
2048
2049
2050
2050
2050
2050
2048
2048
2046
2045
2044
2044
2043
2042
2042
2040
2039
2037
2034
2031
2030
2027
2025
2023
2020
2020
2017
2015
2012
2010
2007
2004
2001
1998
1994
1991
1987
1986
1983
1980
1978
1976
1973
1970
1967
1963
1960
1958
1955
1953
1951
1950
1950
1950
1950
1949
1949
1949
1948
1948
1949
1950
1951
1951
1953
1955
1957
1958
1960
1962
1963
1964
1966
1965
1966
1967
1967
1967
1967
1969
1970
1968
1967
1967
1966
1965
1961
1958
1957
1954
1952
1951
1951
1948
1945
1942
1940
1936
1933
1930
1926
1923
1920
1917
1914
1911
1908
1903
1900
1896
1893
1887
1884
1879
1876
1873
1870
1868
1867
1867
1868
1870
1873
1876
1881
1887
1894
1903
1914
1926
1941
1956
1974
1992
2010
2031
2051
2072
2094
2116
2139
2161
2183
2206
2229
2251
2273
2294
2315
2333
2351
2368
2386
2401
2415
2434
2447
2459
2472
2484
2494
2503
2513
2519
2526
2532
2536
2541
2543
2546
2549
2550
2551
2552
2551
2548
2543
2540
2535
2531
2526
2519
2511
2507
2500
2493
2485
2478
2468
2460
2450
2442
2433
2426
2418
2411
2403
2394
2388
2381
2374
2367
2362
2352
2346
2340
2334
2330
2324
2319
2316
2311
2308
2303
2300
2295
2291
2286
2281
2277
2271
2267
2263
2259
2254
2249
2246
2239
2232
2226
2219
2212
2206
2196
2190
2183
2176
2169
2162
2154
2147
2138
2130
2121
2111
2103
2094
2086
2078
2070
2063
2055
2046
2038
2031
2022
2015
2007
1999
1994
1987
1983
1976
1971
1966
1962
1956
1951
1946
1943
1938
1932
1929
1927
1924
1924
1922
1920
1920
1919
1918
1918
1917
1918
1917
1918
1919
1920
1920
1920
1922
1923
1924
1923
1923
1923
1922
1920
1919
1919
1918
1917
1917
1916
1915
1914
1912
1910
1908
1907
1906
1904
1903
1902
1902
1902
1901
1900
1901
1900
1899
1898
1896
1895
1894
1893
1892
1892
1892
1893
1893
1892
1890
1890
1888
1887
1884
1883
1882
1882
1882
1882
1882
1882
1882
1883
1882
1882
1882
1881
1882
1883
1882
1882
1883
1884
1884
1884
1886
1884
1882
1881
1880
1878
1876
1876
1874
1873
1871
1871
1870
1868
1866
1863
1860
1858
1856
1854
1852
1850
1850
1848
1846
1845
1844
1843
1840
1839
1838
1836
1835
1834
1834
1833
1832
1833
1831
1830
1830
1828
1826
1823
1823
1821
1818
1815
1815
1813
1812
1811
1808
1807
1804
1802
1800
1799
1797
1795
1795
1794
1794
1795
1794
1794
1795
1796
1794
1793
1792
1791
1791
1791
1791
1792
1792
1794
1793
1794
1794
1794
1793
1792
1792
1794
1794
1795
1796
1798
1799
1801
1800
1800
1800
1799
1798
1798
1797
1796
1796
1795
1794
1794
1793
1792
1791
1791
1789
1789
1790
1791
1794
1798
1803
1810
1819
1829
1839
1851
1863
1878
1894
1911
1931
1950
1972
1996
2018
2042
2067
2091
2115
2139
2162
2185
2207
2228
2251
2271
2291
2311
2329
2346
2362
2377
2390
2402
2414
2423
2433
2442
2450
2459
2466
2472
2478
2484
2487
2490
2491
2493
2493
2493
2492
2492
2490
2490
2487
2484
2480
2476
2471
2466
2459
2452
2445
2438
2431
2423
2415
2407
2399
2391
2383
2374
2364
2356
2347
2338
2330
2324
2316
2310
2304
2298
2292
2286
2278
2271
2266
2261
2255
2250
2246
2241
2237
2234
2228
2223
2219
2215
2210
2204
2198
2190
2184
2178
2171
2164
2158
2151
2144
2137
2130
2122
2114
2104
2095
2087
2079
2071
2063
2056
2048
2039
2031
2022
2014
2006
1998
1989
1981
1974
1967
1960
1954
1950
1942
1937
1931
1925
1920
1914
1908
1903
1899
1895
1892
1889
1887
1884
1880
1878
1875
1871
1870
1867
1864
1863
1862
1860
1860
1859
1860
1859
1858
1858
1856
1855
1856
1854
1855
1855
1857
1858
1859
1861
1862
1863
1863
1864
1863
1863
1864
1864
1865
1867
1866
1866
1867
1867
1867
1866
1866
1865
1864
1862
1861
1860
1860
1859
1859
1858
1859
1857
1855
1855
1852
1851
1850
1850
1848
1847
1847
1846
1846
1847
1846
1846
1845
1844
1843
1843
1843
1844
1845
1845
1846
1846
1847
1848
1846
1846
1846
1845
1844
1843
1842
1842
1841
1840
1839
1838
1836
1834
1834
1831
1827
1824
1822
1820
1818
1815
1814
1812
1811
1810
1807
1807
1806
1804
1802
1801
1799
1799
1799
1801
1800
1800
1799
1798
1798
1795
1795
1793
1791
1791
1790
1789
1788
1787
1786
1785
1784
1781
1780
1778
1775
1774
1771
1770
1769
1767
1767
1767
1766
1765
1762
1761
1759
1758
1757
1755
1755
1754
1755
1755
1754
1754
1754
1754
1752
1751
1750
1750
1748
1748
1750
1749
1749
1750
1750
1750
1750
1751
1751
1751
1751
1751
1752
1752
1754
1755
1756
1756
1757
1758
1757
1756
1754
1752
1750
1748
1747
1746
1745
1743
1743
1743
1743
1744
1746
1748
1752
1757
1763
1772
1783
1794
1807
1823
1841
1859
1879
1900
1922
1946
1969
1994
2019
2046
2071
2098
2124
2149
2174
2198
2219
2241
2261
2280
2298
2316
2333
2349
2363
2377
2389
2399
2410
2419
2427
2434
2440
2446
2451
2456
2460
2464
2468
2470
2472
2474
2475
2474
2475
2472
2470
2468
2466
2463
2461
2458
2454
2450
2443
2438
2430
2423
2415
2408
2399
2391
2382
2374
2364
2357
2347
2338
2327
2318
2310
2298
2287
2280
2271
2263
2255
2250
2242
2236
2228
2222
2215
2207
2201
2196
2189
2182
2176
2170
2164
2157
2150
2143
2135
2126
2117
2108
2098
2088
2078
2068
2059
2048
2039
2028
2017
2007
1995
1983
1972
1961
1950
1939
1930
1920
1910
1902
1893
1883
1875
1866
1857
1849
1842
1834
1828
1822
1816
1810
1806
1800
1796
1790
1785
1781
1775
1770
1766
1762
1759
1755
1752
1748
1746
1742
1736
1734
1730
1727
1724
1720
1718
1717
1716
1716
1715
1715
1715
1714
1714
1715
1714
1715
1715
1716
1718
1719
1720
1721
1722
1723
1724
1724
1724
1726
1725
1725
1725
1725
1725
1726
1726
1726
1726
1726
1725
1724
1723
1722
1722
1720
1719
1719
1719
1718
1719
1719
1719
1719
1719
1719
1719
1719
1719
1720
1721
1722
1724
1726
1727
1728
1728
1729
1730
1730
1728
1728
1729
1730
1730
1732
1733
1734
1734
1735
1735
1734
1733
1733
1733
1733
1732
1733
1732
1734
1733
1732
1731
1730
1729
1728
1726
1725
1724
1724
1723
1722
1723
1722
1723
1722
1722
1721
1720
1719
1718
1719
1718
1718
1719
1719
1720
1721
1720
1719
1720
1719
1718
1718
1717
1716
1716
1716
1716
1718
1717
1716
1716
1715
1715
1714
1714
1714
1714
1714
1715
1715
1715
1715
1714
1714
1714
1713
1712
1714
1712
1712
1713
1714
1715
1716
1717
1717
1719
1718
1718
1719
1719
1720
1722
1724
1726
1727
1729
1731
1732
1732
1733
1733
1732
1731
1730
1728
1726
1724
1721
1719
1717
1714
1711
1710
1708
1706
1706
1708
1708
1711
1716
1722
1730
1738
1749
1759
1772
1785
1801
1817
1835
1854
1875
1898
1922
1947
1972
1999
2026
2052
2079
2105
2131
2158
2183
2206
2230
2254
2276
2298
2318
2337
2354
2371
2386
2399
2412
2424
2435
2446
2455
2463
2471
2478
2484
2488
2494
2498
2500
2503
2506
2508
2510
2511
2514
2516
2516
2519
2518
2516
2514
2514
2511
2510
2507
2506
2503
2502
2497
2494
2490
2484
2479
2474
2467
2460
2453
2447
2439
2432
2426
2419
2411
2403
2396
2388
2378
2370
2360
2351
2343
2335
2326
2318
2311
2303
2295
2287
2278
2270
2262
2254
2246
2239
2232
2224
2216
2210
2202
2195
2188
2181
2174
2166
2158
2151
2143
2138
2130
2122
2115
2108
2101
2094
2086
2078
2070
2061
2053
2046
2038
2031
2024
2019
2011
2004
1998
1991
1985
1978
1972
1966
1960
1954
1950
1946
1943
1939
1934
1930
1927
1923
1920
1916
1913
1910
1908
1907
1905
1903
1903
1903
1903
1901
1900
1898
1897
1895
1895
1895
1894
1894
1893
1894
1894
1893
1892
1891
1890
1887
1885
1884
1882
1880
1879
1878
1876
1876
1873
1873
1870
1868
1866
1863
1861
1860
1859
1859
1859
1858
1858
1858
1857
1857
1856
1855
1855
1855
1854
1855
1855
1855
1857
1857
1856
1855
1855
1854
1852
1850
1848
1847
1846
1844
1844
1842
1842
1839
1839
1836
1834
1832
1830
1828
1826
1825
1823
1823
1822
1823
1820
1819
1819
1817
1816
1814
1814
1814
1811
1812
1812
1812
1812
1810
1810
1809
1807
1807
1806
1803
1802
1800
1798
1798
1796
1795
1794
1793
1790
1790
1786
1784
1782
1779
1778
1775
1774
1775
1772
1770
1767
1766
1763
1760
1758
1755
1753
1752
1750
1748
1746
1743
1743
1741
1740
1738
1736
1735
1734
1732
1731
1730
1731
1730
1731
1731
1730
1730
1729
1728
1727
1726
1726
1725
1724
1725
1725
1726
1726
1726
1725
1725
1724
1724
1723
1722
1722
1721
1721
1721
1722
1721
1720
1718
1716
1714
1713
1711
1708
1706
1704
1702
1700
1701
1701
1703
1702
1703
1705
1709
1714
1719
1727
1736
1747
1759
1775
1791
1807
1828
1848
1870
1892
1916
1940
1967
1994
2022
2051
2079
2108
2137
2165
2193
2219
2244
2268
2293
2315
2338
2360
2382
2402
2420
2438
2454
2470
2483
2497
2507
2518
2527
2537
2544
2551
2559
2566
2570
2572
2574
2575
2575
2575
2575
2574
2571
2569
2566
2562
2560
2554
2548
2543
2536
2529
2522
2512
2505
2497
2488
2479
2471
2463
2454
2447
2438
2429
2420
2412
2403
2395
2388
2379
2371
2364
2357
2351
2344
2335
2330
2323
2315
2308
2301
2294
2287
2279
2271
2266
2259
2251
2243
2235
2227
2218
2209
2199
2190
2180
2171
2162
2152
2142
2133
2124
2114
2103
2092
2082
2071
2062
2051
2042
2031
2022
2012
2002
1993
1983
1974
1966
1957
1948
1940
1932
1924
1917
1912
1906
1899
1894
1889
1884
1879
1874
1870
1866
1863
1860
1857
1855
1852
1850
1849
1848
1845
1842
1841
1839
1836
1836
1836
1835
1834
1834
1834
1834
1835
1834
1833
1833
1833
1832
1831
1832
1833
1834
1835
1834
1835
1835
1835
1835
1834
1832
1832
1831
1831
1831
1830
1830
1831
1830
1831
1830
1830
1829
1828
1828
1827
1826
1826
1826
1827
1828
1828
1830
1831
1830
1830
1829
1829
1829
1829
1829
1830
1831
1831
1831
1833
1833
1834
1834
1833
1833
1833
1832
1834
1834
1834
1835
1835
1835
1835
1834
1833
1832
1831
1830
1828
1827
1826
1825
1823
1822
1822
1819
1815
1814
1812
1810
1807
1806
1804
1802
1801
1799
1799
1797
1796
1794
1792
1791
1790
1788
1786
1785
1785
1783
1783
1782
1782
1782
1781
1780
1779
1778
1775
