Sampling rate=500
2447
2440
2430
2422
2411
2402
2391
2383
2372
2366
2356
2349
2342
2335
2329
2322
2317
2312
2306
2301
2294
2290
2283
2278
2273
2269
2264
2259
2254
2247
2242
2236
2228
2222
2214
2207
2200
2191
2183
2176
2168
2160
2150
2140
2131
2121
2111
2100
2088
2079
2070
2059
2050
2039
2030
2020
2010
1999
1991
1982
1971
1963
1954
1946
1939
1932
1927
1920
1914
1908
1902
1898
1890
1886
1882
1877
1874
1870
1868
1866
1864
1862
1860
1858
1855
1854
1854
1852
1853
1852
1852
1852
1854
1855
1855
1856
1858
1858
1858
1858
1858
1861
1860
1862
1862
1865
1866
1867
1869
1869
1869
1869
1869
1870
1868
1869
1868
1870
1871
1870
1870
1871
1868
1868
1868
1865
1864
1863
1862
1861
1861
1862
1860
1860
1860
1859
1860
1858
1857
1857
1856
1856
1856
1857
1858
1859
1859
1862
1861
1862
1860
1860
1862
1860
1861
1861
1861
1862
1863
1866
1863
1863
1863
1862
1861
1859
1858
1858
1856
1855
1854
1854
1852
1852
1850
1849
1846
1844
1842
1839
1837
1836
1834
1833
1831
1831
1828
1827
1823
1823
1820
1817
1814
1812
1811
1809
1807
1806
1806
1806
1803
1803
1799
1798
1798
1795
1795
1792
1792
1792
1791
1791
1790
1790
1788
1787
1787
1784
1783
1783
1781
1782
1780
1780
1779
1780
1779
1778
1778
1777
1776
1775
1773
1773
1772
1773
1772
1772
1774
1773
1773
1773
1773
1772
1772
1772
1773
1774
1775
1778
1778
1779
1781
1784
1783
1784
1783
1783
1784
1783
1782
1782
1782
1782
1781
1780
1778
1775
1773
1771
1768
1767
1763
1763
1763
1763
1765
1768
1772
1778
1784
1793
1802
1814
1828
1842
1859
1879
1900
1924
1947
1974
2002
2029
2058
2086
2115
2143
2172
2201
2228
2255
2283
2307
2333
2356
2379
2398
2418
2434
2451
2468
2480
2494
2506
2518
2531
2539
2547
2556
2562
2566
2570
2574
2575
2578
2579
2581
2582
2582
2580
2579
2575
2574
2569
2564
2558
2553
2546
2539
2534
2525
2519
2510
2502
2492
2483
2475
2463
2454
2443
2434
2423
2414
2407
2398
2390
2381
2374
2369
2359
2351
2343
2335
2331
2323
2319
2311
2307
2301
2296
2290
2283
2279
2270
2264
2255
2248
2240
2231
2226
2217
2209
2202
2191
2183
2172
2163
2154
2142
2132
2121
2110
2099
2090
2079
2068
2058
2047
2037
2026
2014
2004
1992
1983
1974
1964
1956
1947
1940
1931
1924
1917
1910
1902
1896
1890
1885
1878
1876
1870
1866
1863
1860
1857
1854
1851
1848
1846
1844
1841
1839
1839
1839
1838
1838
1839
1838
1838
1838
1838
1839
1838
1838
1840
1839
1841
1843
1845
1847
1848
1849
1851
1850
1851
1852
1852
1852
1852
1854
1854
1854
1854
1854
1855
1852
1852
1850
1850
1849
1847
1847
1846
1846
1846
1846
1846
1846
1844
1844
1843
1843
1842
1842
1842
1843
1843
1844
1844
1847
1848
1847
1847
1847
1847
1847
1847
1849
1848
1850
1849
1850
1850
1850
1851
1848
1848
1846
1845
1843
1842
1842
1840
1839
1839
1838
1836
1834
1832
1831
1829
1825
1823
1820
1820
1819
1816
1816
1814
1814
1810
1810
1806
1804
1802
1799
1796
1795
1791
1791
1788
1786
1785
1782
1780
1775
1774
1769
1766
1764
1760
1759
1756
1755
1751
1749
1747
1743
1740
1735
1733
1731
1727
1726
1722
1720
1719
1718
1716
1714
1711
1710
1708
1706
1704
1702
1700
1699
1700
1698
1697
1695
1695
1694
1692
1692
1689
1688
1686
1686
1684
1684
1684
1684
1684
1683
1684
1683
1680
1679
1678
1676
1675
1674
1674
1674
1671
1670
1667
1666
1664
1660
1657
1652
1649
1645
1642
1638
1635
1632
1630
1629
1626
1626
1625
1626
1627
1631
1636
1644
1653
1665
1679
1695
1715
1734
1756
1780
1807
1834
1863
1894
1925
1958
1992
2028
2061
2095
2127
2162
2191
2222
2250
2277
2304
2327
2353
2373
2394
2412
2431
2447
2462
2475
2487
2499
2509
2518
2524
2533
2538
2543
2547
2551
2552
2554
2554
2553
2551
2550
2548
2543
2541
2536
2533
2527
2524
2520
2513
2507
2499
2492
2484
2477
2469
2462
2454
2447
2442
2433
2427
2419
2413
2404
2397
2389
2383
2376
2369
2364
2356
2350
2344
2338
2330
2322
2317
2306
2298
2287
2280
2271
2262
2254
2243
2234
2223
2213
2201
2190
2178
2166
2156
2142
2130
2118
2107
2095
2084
2072
2061
2049
2036
2026
2012
1999
1988
1977
1966
1956
1946
1936
1928
1918
1909
1899
1890
1881
1871
1866
1856
1849
1842
1836
1829
1823
1818
1812
1806
1802
1796
1791
1786
1782
1779
1775
1772
1769
1767
1766
1763
1761
1759
1757
1756
1754
1754
1754
1755
1754
1756
1756
1757
1758
1758
1759
1759
1759
1759
1762
1762
1763
1765
1766
1769
1770
1771
1772
1772
1774
1774
1774
1774
1775
1775
1775
1777
1778
1778
1780
1780
1778
1779
1778
1778
1777
1778
1778
1779
1780
1781
1783
1784
1784
1784
1785
1784
1783
1783
1782
1784
1782
1782
1783
1783
1785
1783
1783
1783
1784
1782
1783
1783
1783
1783
1783
1783
1783
1783
1783
1782
1782
1779
1778
1776
1775
1775
1774
1772
1772
1771
1772
1770
1768
1767
1765
1763
1761
1759
1758
1758
1756
1755
1754
1753
1751
1750
1748
1746
1746
1743
1740
1739
1738
1737
1735
1735
1734
1733
1731
1730
1728
1726
1725
1723
1722
1720
1719
1718
1718
1718
1716
1717
1715
1714
1712
1711
1711
1710
1710
1710
1710
1710
1710
1712
1711
1711
1710
1710
1710
1710
1710
1710
1711
1711
1711
1714
1714
1715
1714
1714
1714
1713
1714
1711
1711
1709
1708
1706
1704
1702
1698
1695
1690
1685
1680
1676
1674
1669
1667
1665
1664
1666
1666
1668
1671
1675
1681
1688
1695
1707
1720
1735
1752
1771
1792
1815
1839
1866
1894
1922
1951
1982
2013
2045
2076
2110
2142
2172
2204
2234
2262
2288
2315
2340
2362
2383
2403
2422
2439
2458
2475
2487
2502
2513
2525
2536
2543
2552
2559
2566
2574
2578
2583
2588
2593
2596
2598
2599
2599
2602
2599
2598
2596
2594
2591
2589
2584
2582
2575
2573
2565
2559
2551
2546
2536
2528
2520
2511
2503
2494
2486
2477
2468
2458
2449
2438
2428
2418
2408
2399
2388
2379
2370
2360
2352
2343
2335
2324
2316
2304
2295
2285
2276
2267
2260
2249
2240
2231
2223
2214
2203
2193
2182
2171
2160
2150
2141
2127
2119
2108
2096
2086
2074
2063
2053
2039
2028
2014
2003
1991
1980
1970
1958
1949
1938
1927
1917
1907
1898
1887
1879
1869
1861
1852
1846
1840
1833
1827
1822
1815
1810
1804
1799
1795
1791
1786
1783
1781
1779
1779
1775
1775
1773
1772
1772
1770
1769
1768
1768
1770
1769
1771
1771
1772
1772
1773
1774
1773
1774
1772
1773
1772
1772
1774
1774
1775
1775
1775
1775
1775
1777
1775
1775
1774
1775
1775
1776
1778
1778
1779
1780
1781
1782
1782
1783
1781
1781
1781
1782
1784
1783
1785
1785
1786
1788
1787
1786
1786
1785
1783
1782
1782
1780
1780
1777
1777
1775
1774
1772
1770
1768
1765
1763
1760
1759
1758
1756
1755
1754
1754
1754
1751
1751
1749
1746
1744
1743
1742
1740
1739
1738
1737
1736
1734
1733
1731
1728
1726
1723
1720
1718
1716
1715
1711
1711
1709
1708
1705
1704
1702
1699
1698
1695
1693
1691
1691
1690
1690
1690
1688
1687
1686
1686
1684
1682
1681
1679
1679
1678
1678
1677
1678
1675
1675
1672
1671
1668
1666
1664
1661
1659
1657
1656
1654
1653
1653
1650
1648
1646
1646
1644
1642
1640
1639
1638
1638
1639
1639
1639
1640
1639
1640
1640
1640
1641
1642
1642
1644
1646
1646
1647
1648
1650
1652
1652
1652
1651
1651
1650
1649
1649
1647
1646
1644
1643
1641
1639
1637
1634
1633
1631
1631
1632
1634
1639
1644
1652
1662
1675
1686
1702
1718
1738
1759
1782
1807
1835
1863
1896
1927
1962
1998
2031
2066
2100
2135
2171
2202
2235
2267
2299
2330
2357
2387
2411
2435
2458
2479
2500
2516
2535
2549
2563
2577
2590
2604
2612
2622
2630
2636
2644
2647
2651
2653
2655
2659
2657
2659
2655
2655
2654
2651
2648
2642
2638
2629
2622
2614
2605
2599
2588
2578
2570
2559
2552
2540
2530
2519
2507
2497
2486
2476
2463
2454
2445
2436
2428
2418
2411
2399
2391
2383
2374
2365
2356
2348
2342
2334
2326
2319
2311
2303
2295
2286
2276
2267
2259
2247
2238
2227
2217
2208
2196
2185
2175
2164
2150
2138
2126
2113
2100
2087
2074
2063
2050
2038
2025
2014
2002
1988
1975
1962
1951
1941
1927
1918
1907
1898
1890
1880
1871
1863
1855
1846
1839
1832
1823
1818
1814
1807
1803
1799
1796
1792
1789
1786
1784
1780
1779
1775
1774
1772
1773
1771
1772
1772
1774
1773
1774
1775
1774
1775
1775
1775
1779
1779
1781
1783
1785
1787
1788
1790
1790
1791
1791
1791
1792
1792
1792
1794
1795
1794
1795
1796
1796
1796
1794
1794
1794
1792
1791
1791
1791
1791
1792
1793
1793
1794
1794
1793
1792
1792
1792
1793
1794
1794
1795
1797
1799
1799
1799
1800
1802
1801
1800
1800
1800
1801
1802
1803
1802
1802
1802
1802
1802
1799
1798
1796
1795
1793
1791
1791
1788
1788
1788
1786
1784
1782
1779
1778
1774
1773
1768
1766
1764
1762
1759
1758
1756
1754
1751
1749
1746
1743
1740
1738
1736
1733
1731
1729
1727
1727
1725
1724
1720
1718
1715
1713
1711
1708
1706
1706
1703
1702
1701
1699
1698
1695
1695
1692
1690
1687
1686
1686
1684
1683
1682
1682
1682
1679
1681
1679
1678
1675
1674
1673
1672
1672
1672
1672
1672
1674
1672
1672
1671
1671
1672
1671
1672
1672
1674
1676
1678
1679
1682
1683
1685
1686
1687
1687
1689
1688
1690
1690
1691
1692
1692
1693
1692
1690
1688
1686
1685
1680
1679
1676
1674
1674
1673
1675
1676
1679
1682
1688
1695
1704
1714
1727
1743
1761
1780
1805
1829
1858
1886
1918
1950
1983
2019
2053
2090
2126
2163
2199
2234
2270
2306
2338
2370
2398
2427
2452
2478
2502
2524
2546
2563
2582
2599
2614
2628
2641
2652
2663
2671
2679
2684
2692
2695
2699
2702
2705
2708
2707
2709
2706
2703
2699
2696
2693
2685
2679
2671
2666
2661
2651
2642
2634
2623
2613
2604
2591
2581
2571
2560
2548
2538
2527
2519
2507
2498
2487
2478
2469
2458
2450
2442
2431
2423
2415
2409
2403
2395
2389
2380
2373
2364
2356
2348
2339
2332
2322
2314
2303
2295
2284
2275
2264
2254
2241
2228
2216
2203
2191
2178
2165
2154
2139
2127
2113
2100
2087
2073
2060
2044
2030
2015
2004
1993
1979
1967
1956
1944
1935
1922
1912
1902
1892
1883
1875
1866
1858
1852
1846
1839
1835
1829
1825
1822
1815
1811
1807
1803
1801
1798
1795
1794
1794
1792
1790
1790
1789
1789
1788
1788
1786
1788
1786
1788
1788
1790
1792
1793
1794
1795
1796
1797
1797
1797
1798
1799
1799
1800
1802
1803
1804
1804
1806
1804
1804
1803
1803
1802
1802
1801
1801
1800
1801
1803
1802
1801
1800
1799
1799
1798
1797
1798
1798
1798
1799
1799
1800
1801
1802
1804
1802
1803
1802
1803
1803
1804
1804
1806
1806
1807
1807
1807
1807
1809
1807
1807
1806
1806
1804
1804
1803
1803
1803
1803
1802
1800
1798
1796
1794
1791
1789
1788
1785
1784
1782
1780
1778
1776
1774
1771
1770
1765
1763
1759
1758
1755
1754
1754
1751
1749
1747
1745
1743
1742
1739
1736
1734
1732
1730
1729
1727
1727
1725
1724
1722
1721
1720
1717
1716
1713
1711
1710
1710
1710
1708
1708
1707
1706
1706
1704
1702
1701
1699
1699
1697
1698
1696
1696
1696
1695
1695
1694
1694
1692
1691
1692
1690
1691
1690
1692
1694
1694
1695
1695
1697
1698
1698
1699
1698
1700
1699
1700
1702
1702
1703
1703
1703
1702
1700
1700
1697
1694
1692
1690
1689
1686
1684
1684
1682
1682
1682
1683
1684
1688
1694
1699
1708
1718
1732
1747
1765
1786
1807
1833
1858
1886
1917
1948
1981
2015
2051
2090
2125
2163
2199
2235
2270
2305
2340
2370
2401
2429
2458
2486
2509
2534
2554
2577
2594
2610
2626
2639
2652
2662
2671
2679
2686
2693
2698
2702
2707
2710
2711
2713
2711
2711
2708
2706
2702
2698
2695
2689
2684
2679
2671
2666
2655
2648
2638
2627
2618
2606
2595
2583
2571
2559
2548
2538
2524
2512
2499
2487
2476
2463
2452
2440
2431
2423
2411
2403
2394
2387
2376
2367
2358
2350
2340
2331
2324
2314
2306
2295
2287
2278
2267
2256
2244
2233
2219
2206
2191
2178
2164
2152
2136
2122
2106
2091
2076
2060
2044
2027
2012
1994
1978
1963
1946
1930
1916
1902
1888
1872
1860
1846
1832
1820
1807
1798
1786
1777
1768
1759
1751
1743
1737
1730
1723
1716
1710
1705
1699
1694
1691
1687
1685
1682
1680
1679
1677
1676
1674
1673
1671
1671
1670
1670
1671
1671
1674
1674
1676
1676
1678
1679
1679
1680
1681
1682
1686
1686
1687
1690
1691
1694
1694
1697
1697
1697
1698
1699
1700
1701
1703
1704
1705
1706
1707
1710
1710
1710
1711
1710
1711
1711
1711
1712
1713
1716
1715
1716
1716
1717
1718
1718
1716
1716
1715
1714
1715
1715
1716
1716
1716
1716
1716
1714
1714
1711
1711
1710
1709
1710
1707
1708
1707
1707
1707
1706
1706
1703
1702
1701
1699
1699
1697
1697
1698
1695
1695
1694
1694
1694
1691
1691
1688
1687
1686
1686
1686
1684
1684
1684
1683
1683
1681
1679
1677
1675
1672
1670
1669
1666
1664
1662
1660
1659
1656
1654
1650
1647
1644
1642
1640
1637
1635
1633
1631
1630
1629
1628
1626
1623
1620
1618
1617
1614
1612
1612
1610
1610
1609
1609
1610
1608
1608
1608
1608
1609
1608
1609
1610
1611
1612
1614
1616
1617
1618
1619
1620
1620
1621
1623
1623
1624
1624
1625
1626
1626
1625
1624
1622
1619
1615
1613
1608
1605
1600
1598
1594
1593
1589
1588
1586
1587
1587
1590
1592
1598
1604
1614
1627
1640
1657
1676
1698
1722
1748
1777
1806
1838
1870
1906
1943
1979
2018
2056
2095
2134
2172
2210
2245
2280
2312
2346
2375
2406
2432
2459
2483
2507
2530
2550
2569
2587
2602
2616
2630
2643
2654
2666
2674
2684
2692
2699
2707
2711
2715
2718
2721
2723
2723
2724
2723
2724
2722
2721
2722
2718
2714
2710
2706
2703
2697
2694
2687
2682
2679
2672
2668
2662
2658
2654
2646
2638
2631
2623
2617
2607
2599
2591
2582
2574
2564
2553
2542
2531
2519
2504
2491
2478
2463
2449
2434
2419
2405
2389
2374
2359
2342
2326
2309
2293
2277
2260
2246
2228
2212
2197
2183
2168
2154
2139
2124
2109
2095
2081
2069
2054
2041
2028
2017
2007
1994
1984
1974
1963
1954
1943
1934
1924
1916
1907
1899
1895
1886
1879
1872
1867
1860
1854
1850
1843
1838
1833
