Sampling rate=500
1489
1489
1489
1488
1489
1488
1489
1488
1488
1488
1486
1487
1486
1488
1488
1488
1489
1489
1490
1489
1491
1493
1492
1492
1493
1492
1495
1495
1493
1496
1497
1497
1498
1498
1498
1498
1499
1499
1499
1497
1497
1497
1497
1497
1495
1494
1495
1495
1493
1492
1491
1489
1489
1488
1488
1485
1485
1485
1484
1483
1483
1481
1481
1479
1480
1478
1477
1477
1476
1475
1475
1475
1475
1475
1473
1473
1472
1470
1471
1470
1471
1469
1469
1469
1467
1469
1468
1467
1466
1465
1464
1463
1464
1463
1464
1461
1461
1461
1461
1460
1460
1460
1459
1458
1457
1457
1457
1456
1456
1456
1454
1456
1456
1456
1454
1453
1452
1450
1449
1449
1451
1451
1450
1450
1449
1449
1449
1447
1448
1448
1448
1448
1448
1447
1446
1448
1449
1449
1448
1448
1448
1449
1449
1450
1450
1451
1451
1451
1452
1449
1451
1452
1452
1451
1450
1450
1450
1449
1449
1448
1448
1448
1448
1448
1447
1445
1445
1444
1444
1441
1443
1443
1441
1441
1442
1440
1441
1441
1441
1440
1440
1440
1441
1441
1441
1441
1442
1442
1442
1441
1445
1445
1445
1446
1447
1446
1447
1448
1448
1448
1449
1451
1449
1449
1451
1453
1452
1453
1453
1452
1453
1453
1453
1453
1456
1456
1456
1456
1456
1456
1456
1456
1456
1456
1456
1456
1456
1454
1454
1456
1456
1453
1454
1453
1452
1452
1450
1449
1451
1449
1451
1450
1448
1449
1451
1450
1450
1449
1449
1449
1448
1449
1449
1450
1450
1451
1451
1450
1449
1448
1448
1446
1445
1444
1441
1438
1437
1435
1432
1429
1426
1424
1419
1415
1412
1408
1403
1401
1397
1395
1392
1389
1387
1385
1380
1381
1380
1377
1377
1377
1376
1376
1377
1377
1379
1380
1380
1379
1381
1384
1382
1384
1382
1385
1385
1384
1384
1385
1385
1385
1385
1384
1384
1385
1385
1385
1384
1385
1387
1387
1388
1388
1388
1390
1392
1392
1392
1392
1392
1394
1396
1396
1397
1397
1399
1400
1399
1400
1400
1400
1400
1401
1400
1400
1401
1401
1401
1401
1401
1400
1400
1400
1400
1401
1401
1401
1403
1402
1403
1404
1405
1405
1405
1407
1405
1407
1409
1409
1409
1410
1411
1411
1413
1413
1415
1416
1415
1414
1416
1416
1417
1417
1417
1418
1419
1419
1419
1419
1418
1418
1420
1420
1419
1419
1418
1418
1419
1419
1420
1420
1418
1420
1420
1421
1420
1420
1418
1419
1420
1424
1421
1421
1421
1420
1423
1422
1422
1424
1424
1424
1424
1425
1425
1425
1425
1426
1428
1429
1429
1429
1430
1429
1431
1432
1434
1433
1435
1435
1436
1437
1440
1440
1440
1441
1440
1443
1444
1444
1444
1448
1445
1447
1448
1449
1449
1449
1449
1449
1451
1452
1452
1452
1453
1453
1456
1456
1457
1457
1457
1457
1460
1460
1461
1461
1462
1462
1465
1466
1467
1467
1468
1468
1469
1468
1469
1471
1471
1471
1470
1471
1473
1473
1473
1473
1473
1472
1473
1473
1472
1472
1473
1472
1472
1473
1473
1473
1473
1473
1473
1471
1473
1473
1473
1473
1472
1473
1474
1473
1473
1472
1473
1474
1472
1473
1473
1473
1473
1473
1475
1474
1475
1475
1476
1477
1477
1478
1477
1479
1479
1480
1481
1482
1483
1484
1484
1488
1488
1489
1488
1491
1491
1492
1492
1495
1496
1496
1498
1499
1500
1499
1504
1502
1504
1504
1504
1505
1505
1507
1505
1507
1509
1509
1509
1509
1509
1510
1510
1509
1511
1509
1511
1511
1509
1511
1511
1512
1511
1511
1510
1509
1511
1510
1509
1509
1508
1507
1509
1509
1509
1507
1507
1508
1509
1508
1508
1508
1509
1507
1509
1509
1511
1509
1511
1511
1511
1511
1511
1509
1511
1512
1513
1513
1513
1513
1514
1514
1515
1513
1513
1512
1513
1515
1515
1515
1516
1513
1516
1516
1517
1516
1516
1516
1517
1520
1518
1520
1520
1521
1521
1521
1523
1524
1524
1523
1525
1525
1525
1527
1527
1527
1529
1528
1529
1529
1530
1528
1529
1531
1530
1528
1529
1528
1528
1529
1529
1528
1528
1528
1526
1527
1526
1525
1523
1525
1524
1523
1523
1523
1521
1521
1522
1521
1521
1520
1520
1520
1521
1521
1521
1521
1522
1520
1523
1523
1524
1522
1524
1525
1525
1525
1526
1525
1528
1529
1530
1530
1530
1531
1533
1533
1534
1536
1536
1536
1537
1537
1538
1539
1540
1541
1540
1541
1541
1541
1543
1543
1540
1544
1544
1544
1543
1544
1545
1544
1545
1544
1544
1544
1544
1544
1545
1546
1545
1546
1548
1548
1548
1548
1549
1549
1549
1550
1552
1552
1552
1553
1554
1555
1555
1556
1557
1555
1556
1557
1558
1559
1560
1558
1560
1561
1560
1561
1561
1560
1562
1562
1561
1561
1560
1560
1562
1562
1561
1561
1560
1561
1561
1561
1560
1560
1559
1558
1559
1560
1560
1560
1560
1559
1560
1560
1559
1560
1559
1560
1560
1560
1561
1561
1560
1561
1561
1561
1561
1561
1562
1563
1562
1563
1561
1564
1564
1564
1563
1565
1565
1565
1565
1565
1565
1566
1568
1568
1568
1568
1570
1569
1569
1570
1569
1572
1572
1572
1572
1571
1572
1573
1573
1573
1572
1573
1574
1573
1574
1574
1573
1574
1573
1574
1575
1576
1575
1577
1576
1577
1577
1576
1577
1579
1579
1580
1580
1581
1580
1580
1581
1584
1584
1584
1584
1584
1585
1585
1585
1586
1586
1587
1587
1585
1588
1588
1588
1587
1588
1585
1586
1588
1587
1586
1587
1586
1587
1586
1586
1587
1585
1585
1584
1585
1585
1585
1585
1585
1586
1585
1584
1587
1586
1586
1585
1588
1588
1587
1588
1587
1589
1590
1591
1592
1592
1593
1592
1593
1594
1594
1594
1596
1596
1596
1597
1597
1598
1597
1596
1597
1597
1597
1596
1594
1595
1596
1595
1594
1594
1594
1592
1592
1592
1592
1590
1589
1589
1589
1588
1588
1588
1586
1587
1586
1587
1585
1584
1584
1585
1585
1584
1584
1584
1584
1584
1584
1585
1586
1585
1585
1587
1588
1588
1589
1588
1591
1592
1592
1593
1592
1595
1597
1597
1597
1599
1599
1600
1599
1601
1602
1603
1603
1604
1603
1605
1606
1605
1605
1604
1605
1606
1606
1607
1606
1606
1607
1608
1608
1608
1608
1606
1608
1609
1609
1609
1609
1608
1609
1611
1612
1612
1612
1612
1612
1611
1613
1613
1614
1613
1615
1616
1616
1616
1616
1617
1617
1617
1617
1617
1618
1619
1617
1619
1621
1621
1621
1621
1621
1623
1623
1622
1622
1623
1624
1624
1624
1625
1625
1626
1627
1627
1627
1626
1627
1627
1627
1627
1627
1626
1629
1629
1628
1627
1628
1628
1627
1627
1626
1627
1627
1626
1626
1627
1627
1627
1627
1627
1627
1625
1625
1627
1627
1626
1627
1627
1628
1628
1629
1629
1628
1629
1632
1632
1632
1630
1633
1633
1633
1634
1635
1636
1636
1636
1637
1639
1640
1638
1640
1640
1641
1640
1643
1643
1644
1644
1646
1646
1648
1645
1648
1648
1649
1649
1649
1651
1653
1653
1655
1654
1655
1657
1657
1657
1657
1658
1658
1657
1660
1660
1660
1660
1661
1661
1661
1661
1661
1661
1661
1661
1660
1661
1662
1663
1663
1663
1663
1661
1661
1663
1662
1661
1660
1661
1662
1661
1663
1662
1661
1660
1660
1661
1660
1658
1660
1660
1659
1657
1658
1657
1657
1659
1658
1657
1656
1657
1657
1656
1656
1655
1656
1657
1657
1657
1657
1657
1658
1657
1657
1657
1657
1657
1659
1658
1659
1660
1659
1661
1661
1661
1659
1661
1661
1661
1661
1660
1661
1660
1661
1660
1660
1660
1660
1659
1658
1657
1656
1657
1656
1656
1654
1656
1655
1655
1653
1653
1653
1652
1651
1651
1652
1651
1650
1652
1652
1652
1652
1653
1653
1653
1655
1654
1656
1655
1657
1657
1657
1659
1660
1660
1661
1661
1662
1663
1663
1663
1662
1664
1664
1664
1664
1663
1665
1665
1665
1664
1663
1665
1665
1665
1664
1664
1663
1664
1665
1665
1663
1665
1665
1665
1667
1666
1665
1667
1667
1668
1668
1670
1669
1670
1670
1670
1672
1673
1673
1673
1673
1675
1676
1677
1677
1679
1680
1680
1681
1681
1681
1683
1682
1682
1685
1686
1686
1687
1686
1687
1688
1689
1689
1688
1690
1689
1690
1689
1690
1692
1691
1692
1690
1692
1692
1691
1690
1691
1691
1691
1689
1690
1689
1692
1691
1691
1689
1691
1691
1690
1689
1691
1690
1690
1691
1689
1692
1691
1692
1692
1690
1691
1693
1692
1693
1692
1692
1693
1693
1693
1696
1693
1696
1696
1696
1696
1696
1695
1696
1697
1697
1697
1699
1699
1700
1700
1701
1701
1701
1703
1703
1703
1704
1704
1705
1706
1705
1707
1709
1708
1709
1708
1710
1710
1711
1712
1712
1712
1713
1714
1716
1716
1716
1717
1718
1718
1717
1720
1721
1721
1721
1721
1724
1724
1725
1726
1725
1728
1728
1728
1728
1728
1729
1731
1731
1731
1731
1732
1732
1731
1730
1730
1731
1731
1731
1731
1729
1731
1729
1729
1729
1728
1728
1729
1728
1726
1726
1725
1726
1726
1725
1725
1724
1725
1725
1725
1725
1724
1726
1725
1724
1724
1725
1728
1728
1728
1728
1726
1729
1729
1729
1729
1729
1729
1729
1729
1729
1731
1731
1731
1729
1732
1731
1731
1729
1729
1730
1729
1729
1729
1728
1729
1729
1729
1728
1728
1728
1728
1728
1726
1727
1727
1728
1728
1728
1729
1729
1729
1729
1728
1728
1729
1730
1729
1728
1731
1731
1731
1731
1732
1733
1732
1733
1732
1732
1733
1733
1733
1733
1735
1733
1735
1735
1735
1733
1737
1736
1737
1736
1737
1735
1737
1737
1738
1739
1739
1739
1740
1739
1741
1739
1740
1741
1739
1741
1741
1741
1743
1741
1744
1744
1741
1744
1744
1744
1744
1743
1744
1744
1744
1744
1744
1746
1745
1746
1746
1746
1745
1746
1748
1747
1748
1749
1749
1750
1750
1750
1752
1752
1752
1753
1752
1753
1754
1753
1756
1757
1756
1758
1758
1760
1759
1760
1760
1760
1761
1761
1760
1761
1762
1761
1762
1763
1763
1761
1763
1764
1763
1764
1763
1763
1764
1765
1764
1765
1765
1765
1764
1765
1766
1765
1765
1765
1765
1767
1768
1768
1767
1769
1768
1769
1769
1768
1769
1769
1769
1771
1769
1771
1772
1772
1771
1773
1773
1773
1772
1772
1773
1773
1773
1773
1773
1773
1774
1773
1773
1773
1773
1772
1773
1772
1772
1772
1773
1773
1773
1773
1773
1774
1775
1776
1776
1776
1776
1776
1776
1776
1777
1778
1779
1779
1777
1780
1780
1780
1779
1781
1781
1781
1782
1781
1784
1784
1785
1785
1784
1786
1785
1785
1787
1787
1788
1788
1786
1789
1788
1789
1788
1789
1789
1788
1788
1787
1787
1788
1788
1787
1785
1787
1787
1787
1785
1785
1785
1784
1784
1781
1783
1783
1782
1781
1780
1782
1781
1781
1781
1779
1780
1781
1781
1780
1781
1781
1783
1783
1784
1783
1785
1785
1785
1787
1787
1788
1788
1787
1789
1788
1788
1790
1789
1787
1789
1788
1787
1787
1787
1785
1785
1785
1785
1783
1784
1783
1781
1781
1781
1780
1779
1780
1778
1777
1776
1777
1777
1776
1776
1777
1776
1776
1774
1776
1776
1776
1774
1776
1776
1776
1776
1776
1776
1776
1777
1777
1777
1777
1777
1777
1777
1777
1776
1777
1776
1776
1776
1774
1773
1771
1770
1771
1769
1768
1768
1768
1768
1768
1767
1765
1767
1766
1765
1765
1765
1766
1766
1766
1767
1767
1766
1767
1768
1768
1768
1767
1768
1768
1768
1768
1768
1768
1769
1769
1770
1770
1769
1771
1770
1771
1771
1772
1772
1771
1773
1776
1776
1776
1776
1777
1778
1779
1779
1779
1781
1780
1783
1783
1784
1784
1784
1785
1788
1787
1789
1788
1789
1790
1790
1791
1792
1792
1792
1790
1791
1791
1789
1789
1787
1786
1785
1784
1781
1779
1779
1777
1776
1772
1770
1767
1765
1764
1761
1760
1756
1754
1753
1752
1752
1749
1749
1747
1748
1745
1747
1745
1745
1744
1747
1747
1747
1749
1749
1749
1750
1753
1753
1754
1754
1757
1758
1760
1760
1763
1764
1765
1765
1765
1767
1768
1768
1768
1767
1767
1768
1769
1769
1769
1770
1771
1772
1772
1771
1772
1773
1773
1773
1775
1776
1777
1777
1779
1781
1781
1782
1782
1784
1785
1785
1786
1787
1788
1790
1791
1792
1792
1794
1796
1796
1796
1797
1799
1799
1798
1800
1800
1802
1803
1803
1803
1803
1803
1804
1802
1803
1801
1803
1804
1803
1803
1803
1804
1803
1802
1803
1801
1803
1803
1803
1802
1803
1804
1805
1804
1804
1805
1807
1808
1806
1808
1808
1808
1809
1809
1809
1811
1812
1812
1813
1812
1813
1814
1814
1814
1814
1815
1816
1816
1816
1816
1816
1817
1817
1816
1817
1817
1816
1817
1817
1815
1816
1816
1817
1816
1816
1814
1815
1815
1813
1815
1814
1813
1813
1812
1813
1812
1814
1815
1814
1815
1813
1813
1815
1814
1814
1814
1814
1815
1817
1817
1817
1817
1818
1818
1819
1820
1820
1819
1821
1821
1821
1822
1822
1821
1824
1824
1824
1824
1824
1824
1821
1821
1822
1822
1822
1822
1822
1821
1821
1821
1821
1820
1820
1820
1820
1820
1820
1820
1821
1821
1820
1821
1822
1824
1822
1822
1822
1822
1824
1825
1825
1826
1825
1826
1828
1828
1828
1828
1828
1829
1829
1830
1831
1832
1831
1833
1834
1834
1834
1835
1835
1834
1836
1836
1837
1837
1837
1838
1840
1840
1840
1840
1840
1840
1840
1840
1840
1841
1840
1840
1840
1841
1840
1840
1840
1840
1837
1839
1838
1837
1837
1837
1836
1836
1836
1836
1836
1836
1836
1834
1835
1836
1836
1836
1836
1836
1837
1837
1839
1840
1838
1840
1838
1840
1841
1840
1840
1841
1841
1842
1843
1843
1844
1844
1844
1842
1844
1844
1844
1844
1844
1844
1844
1844
1845
1845
1845
1845
1845
1845
1846
1846
1846
1846
1848
1848
1849
1849
1849
1849
1851
1852
1852
1852
1852
1853
1855
1856
1857
1857
1858
1858
1859
1860
1859
1861
1860
1860
1861
1861
1861
1861
1861
1860
1861
1861
1862
1861
1861
1859
1860
1860
1859
1858
1859
1859
1857
1860
1859
1858
1857
1857
1857
1856
1857
1856
1857
1856
1857
1857
1856
1856
1857
1856
1856
1856
1856
1856
1856
1855
1856
1855
1856
1854
1856
1856
1856
1854
1855
1856
1855
1854
1855
1855
1856
1856
1856
1857
1857
1857
1857
1856
1857
1857
1858
1856
1857
1859
1859
1860
1860
1859
1860
1860
1860
1860
1859
1861
1861
1860
1860
1861
1860
1859
1861
1861
1861
1860
1861
1860
1860
1860
1859
1860
1859
1859
1857
1857
1857
1856
1855
1852
1853
1852
1851
1850
1849
1848
1848
1847
1845
1843
1844
1844
1842
1841
1840
1839
1840
1840
1840
1838
1840
1840
1840
1841
1840
1842
1843
1844
1845
1844
1847
1848
1850
1850
1851
1854
1855
1856
1856
1855
1857
1857
1858
1857
1858
1859
1859
1858
1857
1856
1857
1856
1855
1854
1852
1853
1852
1851
1849
1849
1848
1848
1846
1847
1844
1844
1844
1843
1843
1843
1844
1844
