Sampling rate=500
2037
2039
2039
2039
2039
2041
2041
2042
2041
2043
2044
2044
2044
2045
2045
2044
2046
2045
2046
2047
2048
2048
2047
2049
2049
2048
2049
2049
2048
2048
2049
2049
2049
2048
2049
2049
2049
2049
2049
2049
2048
2049
2049
2048
2049
2049
2048
2049
2050
2050
2048
2050
2049
2049
2048
2048
2049
2048
2049
2049
2048
2049
2049
2049
2047
2048
2048
2047
2048
2048
2048
2046
2048
2049
2048
2047
2049
2049
2048
2048
2049
2048
2047
2048
2049
2048
2049
2049
2048
2050
2050
2050
2049
2049
2050
2049
2051
2051
2051
2051
2052
2052
2053
2053
2053
2053
2054
2053
2054
2053
2055
2055
2056
2056
2057
2056
2057
2058
2057
2057
2059
2059
2059
2059
2060
2060
2060
2062
2062
2064
2064
2064
2064
2064
2064
2064
2064
2066
2066
2065
2068
2068
2069
2068
2069
2069
2069
2070
2071
2071
2072
2073
2072
2072
2074
2073
2075
2075
2073
2076
2075
2073
2075
2075
2074
2075
2075
2074
2075
2075
2073
2074
2073
2073
2073
2073
2073
2073
2073
2074
2074
2072
2074
2073
2073
2073
2072
2073
2072
2073
2072
2073
2073
2072
2073
2072
2073
2073
2073
2073
2072
2073
2072
2073
2073
2074
2073
2074
2075
2073
2074
2073
2074
2073
2073
2072
2073
2073
2072
2073
2073
2071
2072
2071
2069
2069
2069
2067
2067
2066
2065
2065
2064
2064
2062
2060
2061
2060
2057
2059
2058
2056
2058
2057
2057
2058
2059
2058
2059
2059
2059
2060
2060
2060
2061
2061
2062
2064
2064
2064
2065
2064
2066
2065
2065
2066
2065
2067
2066
2067
2067
2068
2067
2065
2067
2067
2065
2065
2065
2065
2064
2064
2064
2064
2064
2065
2064
2063
2064
2064
2063
2064
2064
2062
2064
2064
2065
2065
2065
2067
2067
2068
2067
2068
2067
2069
2069
2069
2072
2072
2072
2073
2074
2074
2076
2076
2076
2076
2076
2075
2076
2076
2075
2076
2075
2074
2074
2072
2072
2069
2067
2064
2063
2061
2056
2055
2052
2048
2047
2044
2040
2037
2032
2031
2026
2023
2020
2016
2014
2009
2007
2003
2000
1997
1993
1989
1984
1981
1976
1973
1969
1968
1964
1960
1957
1953
1952
1947
1944
1941
1939
1934
1934
1931
1929
1927
1925
1922
1921
1918
1916
1914
1912
1908
1907
1904
1901
1899
1896
1892
1889
1885
1882
1879
1874
1869
1864
1860
1855
1849
1845
1840
1835
1829
1824
1819
1813
1806
1801
1793
1787
1782
1776
1768
1763
1757
1751
1744
1737
1732
1725
1718
1712
1707
1700
1696
1691
1687
1683
1680
1676
1672
1669
1667
1665
1664
1662
1660
1659
1659
1658
1657
1657
1656
1656
1653
1652
1651
1649
1648
1645
1641
1641
1639
1635
1633
1632
1628
1627
1624
1620
1618
1613
1613
1610
1608
1605
1603
1601
1597
1594
1592
1590
1587
1585
1582
1580
1577
1576
1576
1572
1569
1569
1568
1564
1563
1560
1559
1556
1552
1552
1547
1543
1540
1536
1532
1528
1521
1517
1512
1504
1500
1493
1488
1483
1477
1471
1465
1461
1456
1451
1447
1444
1440
1437
1432
1430
1427
1424
1424
1420
1417
1415
1411
1407
1405
1401
1399
1396
1392
1389
1385
1384
1380
1377
1376
1373
1371
1369
1368
1365
1363
1364
1363
1363
1363
1362
1363
1363
1363
1363
1364
1365
1365
1368
1368
1368
1369
1371
1372
1373
1373
1376
1376
1376
1376
1373
1376
1372
1370
1371
1369
1365
1365
1364
1360
1360
1357
1353
1352
1349
1346
1344
1342
1340
1337
1335
1333
1330
1328
1328
1324
1321
1321
1319
1317
1318
1316
1316
1316
1315
1314
1314
1313
1312
1312
1312
1307
1308
1304
1304
1303
1300
1297
1296
1293
1288
1287
1283
1280
1278
1273
1271
1267
1265
1261
1259
1257
1253
1255
1251
1248
1248
1245
1243
1242
1241
1237
1237
1237
1234
1235
1233
1232
1232
1232
1229
1229
1228
1227
1224
1224
1221
1220
1217
1213
1211
1208
1201
1200
1194
1188
1185
1180
1173
1171
1165
1160
1159
1153
1148
1147
1144
1140
1137
1136
1131
1131
1128
1125
1124
1121
1120
1117
1113
1113
1112
1109
1109
1107
1104
1105
1105
1104
1105
1104
1104
1104
1105
1104
1107
1107
1107
1111
1112
1113
1115
1117
1117
1120
1120
1123
1124
1127
1128
1131
1129
1131
1133
1132
1136
1136
1138
1137
1140
1141
1141
1144
1144
1145
1145
1145
1148
1149
1149
1153
1154
1154
1160
1163
1163
1169
1173
1177
1184
1189
1193
1200
1205
1213
1220
1226
1232
1240
1248
1253
1261
1266
1272
1280
1285
1288
1296
1298
1301
1305
1307
1308
1312
1312
1314
1313
1313
1314
1312
1309
1308
1304
1300
1297
1292
1285
1282
1275
1267
1261
1253
1244
1235
1225
1216
1204
1195
1184
1173
1163
1153
1144
1136
1125
1116
1107
1099
1089
1084
1076
1067
1064
1057
1049
1045
1040
1033
1028
1025
1018
1011
1008
1003
1000
995
992
987
985
982
980
977
976
971
971
969
965
967
964
963
962
961
960
958
957
957
955
953
952
949
948
944
941
940
936
932
930
926
921
919
913
908
907
901
897
893
889
888
882
881
877
877
873
870
870
869
868
869
869
868
872
873
877
880
883
887
891
896
900
905
909
914
918
923
925
931
933
935
940
941
940
944
944
944
944
945
944
946
945
944
945
945
944
947
946
947
950
953
956
959
960
966
969
973
979
985
992
996
1001
1008
1013
1024
1028
1035
1040
1047
1052
1056
1061
1065
1069
1072
1076
1077
1078
1081
1084
1085
1088
1088
1092
1093
1096
1099
1101
1104
1107
1112
1116
1120
1127
1131
1136
1141
1145
1148
1155
1159
1161
1168
1172
1177
1183
1187
1191
1196
1201
1205
1208
1212
1217
1219
1224
1227
1229
1232
1235
1237
1238
1240
1240
1239
1241
1240
1239
1241
1240
1237
1240
1240
1237
1239
1237
1236
1235
1233
1232
1232
1232
1229
1229
1229
1229
1229
1231
1231
1231
1232
1233
1233
1236
1237
1239
1241
1243
1244
1248
1248
1248
1251
1251
1252
1253
1253
1253
1255
1256
1256
1258
1259
1261
1263
1265
1267
1269
1272
1273
1279
1283
1284
1291
1294
1298
1302
1305
1310
1312
1317
1319
1320
1324
1325
1328
1328
1330
1331
1332
1331
1332
1329
1328
1328
1325
1322
1320
1319
1316
1313
1309
1305
1301
1297
1293
1287
1282
1279
1273
1269
1265
1261
1257
1253
1252
1249
1245
1248
1244
1243
1245
1243
1242
1245
1245
1248
1248
1249
1249
1251
1251
1250
1252
1251
1252
1251
1249
1252
1251
1252
1251
1251
1251
1249
1251
1250
1251
1253
1255
1256
1259
1261
1264
1267
1271
1274
1279
1282
1285
1291
1296
1300
1305
1309
1316
1321
1325
1331
1336
1338
1344
1348
1349
1355
1357
1360
1363
1365
1368
1370
1370
1373
1374
1373
1376
1376
1377
1376
1376
1376
1376
1376
1376
1373
1372
1373
1369
1368
1369
1367
1365
1366
1365
1365
1365
1365
1368
1368
1370
1372
1373
1373
1377
1379
1380
1384
1387
1389
1393
1396
1400
1402
1405
1408
1412
1416
1419
1421
1426
1430
1432
1440
1441
1443
1449
1453
1456
1460
1461
1466
1469
1470
1475
1477
1477
1481
1480
1481
1481
1481
1479
1476
1476
1472
1468
1467
1461
1460
1457
1452
1450
1446
1441
1440
1436
1433
1432
1428
1427
1425
1424
1424
1424
1424
1425
1425
1428
1428
1429
1432
1432
1437
1440
1441
1445
1448
1449
1453
1456
1459
1461
1462
1465
1468
1469
1472
1473
1477
1480
1481
1483
1488
1489
1492
1495
1497
1499
1501
1505
1507
1509
1512
1513
1513
1516
1517
1515
1517
1517
1517
1517
1516
1516
1515
1516
1516
1514
1516
1516
1517
1517
1517
1520
1521
1521
1525
1525
1527
1531
1533
1533
1537
1536
1540
1541
1541
1544
1545
1547
1545
1548
1548
1548
1547
1547
1545
1542
1541
1539
1537
1535
1531
1529
1525
1520
1518
1514
1512
1507
1503
1500
1496
1496
1492
1488
1486
1484
1483
1480
1475
1475
1471
1466
1464
1459
1453
1449
1445
1440
1436
1429
1426
1420
1413
1409
1405
1399
1397
1392
1389
1387
1384
1384
1381
1380
1382
1381
1383
1385
1387
1389
1393
1396
1400
1403
1407
1409
1412
1417
1420
1424
1426
1429
1432
1435
1440
1441
1445
1450
1454
1458
1464
1467
1473
1477
1481
1488
1492
1499
1504
1508
1515
1518
1522
1527
1530
1536
1538
1540
1544
1547
1548
1552
1554
1555
1560
1560
1561
1564
1565
1567
1568
1565
1568
1568
1568
1569
1569
1571
1572
1575
1576
1579
1582
1585
1590
1594
1602
1608
1617
1626
1637
1648
1661
1673
1688
1704
1720
1736
1751
1769
1785
1803
1820
1835
1852
1867
1881
1895
1908
1919
1929
1938
1946
1952
1957
1962
1965
1968
1967
1964
1964
1960
1954
1949
1942
1936
1927
1918
1909
1900
1890
1882
1872
1862
1854
1844
1836
1829
1824
1816
1811
1806
1800
1797
1792
1788
1785
1780
1777
1772
1769
1765
1760
1755
1751
1745
1739
1735
1728
1721
1716
1709
1703
1697
1691
1685
1680
1673
1671
1665
1660
1656
1653
1648
1644
1641
1637
1633
1631
1625
1624
1620
1616
1613
1610
1605
1603
1599
1593
1589
1585
1580
1575
1570
1565
1560
1552
1546
1539
1532
1525
1517
1509
1502
1495
1488
1481
1475
1468
1462
1457
1453
1448
1443
1440
1437
1436
1433
1432
1431
1429
1430
1431
1430
1432
1429
1432
1433
1435
1436
1437
1440
1442
1444
1447
1449
1452
1457
1460
1465
1468
1473
1479
1483
1488
1495
1501
1507
1515
1523
1530
1536
1542
1552
1558
1568
1572
1579
1585
1592
1599
1605
1611
1616
1622
1626
1633
1637
1641
1645
1651
1653
1659
1663
1668
1672
1675
1677
1680
1684
1685
1688
1691
1693
1695
1697
1701
1703
1705
1708
1712
1713
1716
1718
1719
1723
1724
1728
1731
1735
1737
1740
1744
1745
1748
1750
1753
1755
1756
1759
1760
1760
1761
1761
1760
1761
1760
1761
1759
1756
1756
1754
1752
1753
1751
1751
1752
1751
1753
1753
1753
1756
1757
1756
1760
1760
1761
1763
1764
1765
1766
1767
1768
1768
1768
1767
1765
1766
1765
1765
1763
1761
1760
1757
1754
1752
1749
1745
1743
1738
1733
1731
1725
1720
1716
1712
1708
1704
1699
1695
1690
1684
1681
1677
1672
1668
1664
1661
1656
1653
1649
1645
1644
1640
1635
1635
1632
1629
1629
1627
1625
1627
1625
1625
1627
1627
1626
1628
1628
1628
1629
1632
1630
1633
1635
1635
1638
1640
1641
1642
1645
1645
1648
1649
1652
1656
1658
1660
1663
1666
1668
1672
1675
1676
1680
1681
1683
1688
1690
1692
1696
1700
1703
1705
1712
1715
1720
1725
1729
1735
1741
1747
1753
1761
1768
1775
1782
1789
1795
1805
1812
1820
1827
1833
1842
1848
1857
1863
1870
1876
1882
1888
1891
1896
1900
1902
1904
1906
1909
1909
1912
1912
1913
1913
1913
1912
1912
1910
1910
1909
1908
1907
1905
1905
1904
1904
1901
1901
1899
1896
1895
1893
1889
1888
1884
1880
1880
1876
1873
1872
1869
1867
1865
1864
1864
1862
1865
1865
1865
1868
1870
1871
1876
1878
1880
1884
1888
1890
1893
1897
1901
1905
1911
1914
1920
1923
1931
1936
1939
1943
1948
1952
1956
1960
1962
1964
1966
1966
1965
1966
1964
1961
1958
1953
1948
1940
1936
1929
1923
1915
1910
1904
1897
1891
1885
1880
1877
1873
1870
1867
1867
1867
1867
1869
1870
1872
1875
1877
1880
1883
1884
1888
1889
1892
1893
1893
1895
1895
1894
1895
1893
1890
1888
1885
1883
1879
1876
1873
1869
1867
1863
1859
1857
1853
1850
1844
1844
1840
1837
1832
1831
1827
1824
1822
1817
1813
1809
1808
1802
1797
1796
1792
1788
1785
1782
1778
1773
1772
1769
1765
1761
1757
1753
1748
1745
1739
1736
1732
1728
1723
1719
1714
1710
1707
1703
1699
1694
1692
1688
1687
1685
1683
1681
1677
1677
1673
1674
1672
1669
1666
1663
1660
1657
1655
1652
1649
1648
1644
1644
1642
1641
1641
1642
1643
1644
1649
1652
1657
1663
1669
1676
1682
1691
1700
1707
1718
1728
1735
1745
1754
1761
1771
1779
1784
1792
1796
1800
1804
1806
1808
1809
1809
1808
1807
1806
1803
1801
1798
1794
1791
1787
1784
1779
1776
1772
1769
1768
1765
1761
1762
1761
1760
1761
1761
1762
1763
1765
1767
1769
1773
1776
1779
1783
1787
1791
1795
1799
1801
1808
1811
1813
1819
1822
1825
1829
1832
1834
1838
1840
1840
1844
1845
1845
1848
1848
1849
1851
1851
1852
1852
1851
1852
1852
1852
1851
1850
1849
1848
1847
1846
1845
1844
1844
1843
1841
1840
1840
1840
1837
1837
1837
1836
1835
1836
1836
1835
1835
1834
1834
1832
1832
1832
1830
1827
1827
1824
1824
1821
1820
1818
1816
1814
1813
1810
1808
1808
1806
1806
1804
1805
1805
1805
1805
1805
1807
1808
1808
1809
1810
1811
1812
1815
1817
1820
1824
1826
1831
1833
1840
1842
1846
1852
1856
1860
1867
1872
1876
1881
1888
1891
1896
1900
1904
1909
1912
1915
1921
1924
1927
1931
1934
1936
1940
1941
1943
1945
1947
1947
1950
1952
1952
1953
1954
1956
1957
1957
1958
1960
1960
1960
1962
1962
1962
1964
1964
1964
1965
1965
1964
1965
1965
1964
1965
1963
1963
1961
1961
1962
1960
1960
1959
1960
1959
1957
1957
1956
1955
1956
1954
1955
1954
1953
1955
1955
1955
1956
1957
1956
1957
1957
1957
1959
1960
1960
1962
1961
1963
1964
1965
1965
1966
1965
1966
1966
1965
1963
1965
1963
1962
1960
1959
1955
1953
1950
1945
1944
1939
1933
1932
1928
1924
1924
1921
1920
1919
1919
1919
1921
1923
1926
1931
1936
1941
1949
1956
1964
1973
1981
1989
2000
2008
2016
2024
2032
2038
2045
2053
2057
2062
2064
2065
2067
2067
2065
2064
2060
2055
2051
2045
2040
2033
2026
2019
2012
2005
1997
1991
1984
1977
1972
1968
1961
1959
1955
1952
1949
1947
1946
1944
1941
1941
1940
1939
1937
1935
1932
1931
1930
1927
1925
1921
1918
1914
1909
1905
1897
1895
1888
1883
1876
1872
1865
1859
1851
1844
1837
1829
1822
1815
1808
1801
1794
1789
1784
1777
1776
1771
1767
1765
1763
1762
1761
1761
1760
1761
1761
1761
1764
1765
1766
1767
1767
1767
1768
1768
1765
1769
1768
1767
1769
1769
1769
1771
1771
1771
1772
1773
1772
1773
1773
1772
1773
1773
1773
1773
1773
1773
1773
1773
1776
1778
1780
1781
1788
1792
1797
1805
1813
1819
1829
1837
1845
1856
1865
1873
1884
1891
1901
1909
1917
1926
1934
1941
1951
1960
1968
1977
1986
1997
2005
2019
2029
2043
2056
2068
2083
2096
2109
2125
2139
2153
2169
2184
2197
2212
2225
2238
2252
2264
2273
2285
2293
2301
2308
2314
2320
2324
2325
2329
2331
2330
2331
2331
2329
2328
2324
