Sampling rate=500
2395
2396
2395
2398
2403
2411
2423
2432
2446
2458
2471
2486
2502
2517
2531
2546
2560
2575
2588
2602
2614
2624
2634
2642
2649
2651
2654
2650
2647
2638
2627
2611
2594
2571
2546
2519
2486
2452
2412
2371
2326
2280
2230
2179
2123
2068
2010
1954
1893
1835
1775
1718
1659
1603
1548
1495
1443
1394
1347
1302
1261
1220
1183
1147
1115
1083
1055
1028
1003
979
958
939
921
906
891
879
869
860
853
847
843
841
840
841
843
845
851
856
863
872
882
893
906
920
936
956
975
1000
1025
1054
1086
1122
1160
1202
1247
1294
1345
1398
1455
1513
1573
1635
1698
1764
1828
1894
1959
2024
2088
2150
2211
2267
2322
2375
2424
2469
2510
2550
2582
2610
2635
2655
2672
2683
2691
2692
2691
2683
2674
2655
2636
2612
2585
2554
2520
2483
2445
2405
2362
2319
2274
2231
2188
2146
2105
2064
2026
1991
1956
1926
1895
1870
1845
1823
1805
1790
1778
1768
1763
1759
1759
1761
1766
1775
1785
1799
1815
1832
1852
1874
1897
1922
1946
1973
1998
2025
2049
2075
2100
2125
2148
2170
2191
2211
2230
2246
2262
2278
2290
2303
2311
2321
2328
2335
2342
2345
2350
2354
2358
2359
2364
2366
2370
2374
2374
2378
2378
2379
2379
2379
2379
2376
2374
2367
2360
2354
2342
2331
2317
2303
2286
2268
2250
2229
2210
2188
2167
2146
2124
2104
2083
2065
2045
2027
2010
1995
1982
1967
1957
1943
1934
1925
1916
1908
1900
1893
1884
1878
1871
1867
1860
1854
1848
1842
1836
1830
1826
1819
1814
1807
1803
1798
1794
1788
1784
1780
1777
1775
1772
1772
1771
1774
1778
1785
1794
1807
1823
1842
1866
1891
1920
1953
1990
2030
2071
2116
2164
2214
2266
2319
2375
2431
2490
2548
2606
2666
2724
2783
2838
2895
2950
3006
3060
3111
3162
3207
3252
3295
3336
3372
3406
3434
3462
3486
3506
3525
3540
3554
3562
3571
3571
3575
3572
3570
3563
3556
3548
3538
3527
3518
3503
3492
3482
3470
3458
3449
3438
3430
3423
3418
3412
3409
3408
3406
3407
3407
3410
3412
3415
3422
3423
3428
3435
3439
3449
3454
3463
3471
3481
3491
3499
3508
3518
3526
3535
3542
3550
3559
3565
3572
3574
3580
3583
3583
3586
3587
3586
3585
3583
3582
3575
3571
3563
3558
3550
3540
3535
3521
3510
3498
3484
3474
3458
3443
3426
3410
3395
3374
3354
3334
3309
3284
3255
3227
3200
3166
3133
3099
3064
3030
2990
2952
2914
2874
2834
2793
2754
2714
2673
2634
2594
2555
2518
2479
2445
2410
2377
2347
2319
2296
2273
2255
2241
2231
2226
2226
2230
2238
2251
2270
2291
2318
2346
2379
2417
2454
2495
2538
2583
2630
2674
2721
2767
2814
2860
2904
2950
2991
3032
3071
3110
3146
3180
3212
3244
3267
3292
3315
3334
3350
3363
3375
3386
3389
3391
3390
3388
3383
3372
3359
3343
3327
3311
3287
3263
3239
3214
3190
3162
3138
3109
3086
3063
3039
3019
2999
2983
2971
2958
2950
2944
2938
2939
2939
2944
2951
2959
2972
2987
3006
3023
3044
3066
3092
3119
3148
3179
3207
3238
3271
3300
3332
3362
3390
3419
3446
3470
3492
3512
3530
3546
3559
3566
3572
3574
3575
3568
3562
3551
3538
3523
3502
3478
3453
3423
3394
3359
3323
3283
3243
3200
3155
3110
3059
3010
2959
2906
2854
2799
2746
2691
2638
2587
2535
2487
2440
2396
2357
2318
2287
2258
2234
2215
2199
2191
2187
2190
2199
2211
2230
2253
2282
2314
2351
2394
2439
2490
2540
2596
2653
2713
2775
2838
2902
2963
3028
3091
3154
3215
3275
3334
3386
3438
3487
3534
3578
3619
3656
3691
3722
3751
3778
3800
3823
3839
3855
3866
3874
3878
3882
3879
3874
3866
3850
3830
3806
3780
3750
3714
3678
3631
3583
3535
3483
3428
3370
3311
3251
3190
3127
3068
3010
2952
2899
2847
2802
2757
2719
2686
2660
2638
2622
2612
2607
2610
2616
2630
2647
2670
2697
2726
2761
2795
2831
2870
2911
2951
2991
3031
3071
3110
3148
3183
3220
3250
3282
3308
3335
3358
3380
3402
3416
3434
3446
3455
3462
3467
3470
3470
3469
3462
3454
3443
3430
3414
3397
3378
3354
3332
3306
3278
3247
3217
3186
3153
3119
3082
3047
3009
2972
2931
2891
2849
2807
2766
2722
2679
2634
2590
2547
2502
2458
2416
2375
2333
2294
2255
2218
2181
2147
2115
2084
2056
2030
2006
1982
1962
1943
1927
1911
1897
1883
1870
1858
1846
1836
1823
1812
1799
1786
1772
1758
1742
1724
1706
1686
1666
1644
1621
1596
1571
1544
1518
1490
1461
1431
1401
1370
1338
1305
1272
1239
1206
1172
1140
1107
1075
1042
1013
983
954
926
902
878
855
835
818
803
791
780
773
768
766
767
770
775
782
792
804
819
835
852
871
891
911
933
955
977
999
1022
1044
1066
1089
1111
1134
1157
1179
1203
1225
1247
1270
1294
1316
1338
1362
1383
1407
1428
1450
1473
1495
1518
1537
1558
1579
1599
1619
1639
1659
1679
1699
1716
1735
1754
1772
1790
1806
1822
1837
1852
1863
1876
1884
1893
1898
1903
1904
1903
1900
1896
1886
1877
1863
1848
1830
1810
1788
1765
1742
1715
1689
1661
1631
1603
1573
1543
1513
1484
1454
1426
1398
1370
1344
1318
1294
1270
1249
1228
1209
1192
1176
1163
1150
1139
1131
1124
1119
1116
1115
1113
1113
1114
1115
1117
1120
1123
1126
1128
1129
1130
1130
1129
1127
1123
1118
1111
1103
1094
1082
1071
1057
1044
1028
1012
996
978
960
942
924
905
888
871
855
841
827
815
806
798
793
789
788
790
794
800
810
823
838
855
875
899
924
951
982
1014
1049
1085
1124
1165
1209
1255
1301
1351
1401
1453
1508
1562
1618
1674
1731
1790
1846
1903
1959
2015
2070
2122
2175
2223
2271
2318
2361
2403
2442
2480
2514
2548
2578
2607
2633
2655
2680
2697
2715
2726
2738
2746
2750
2754
2752
2750
2742
2734
2721
2707
2691
2671
2654
2630
2606
2581
2556
2531
2503
2478
2450
2426
2398
2372
2346
2319
2296
2271
2251
2226
2205
2183
2162
2142
2122
2103
2082
2063
2042
2023
2000
1980
1958
1937
1914
1891
1869
1844
1820
1793
1767
1739
1711
1683
1654
1626
1595
1566
1537
1506
1479
1448
1420
1391
1364
1338
1311
1286
1262
1239
1215
1194
1172
1153
1133
1115
1096
1078
1061
1043
1026
1009
993
976
962
947
933
919
906
894
882
872
862
854
847
841
837
834
833
833
834
837
841
847
853
861
869
879
890
902
915
928
943
958
974
990
1007
1024
1041
1059
1076
1095
1112
1131
1148
1166
1183
1199
1216
1231
1247
1261
1275
1288
1302
1314
1327
1338
1350
1362
1372
1383
1392
1402
1411
1421
1430
1438
1446
1453
1460
1468
1475
1483
1488
1495
1502
1507
1514
1519
1526
1532
1539
1545
1554
1562
1571
1578
1588
1597
1606
1617
1627
1639
1647
1658
1670
1680
1691
1702
1714
1723
1734
1744
1756
1766
1778
1787
1800
1811
1823
1836
1850
1861
1875
1887
1900
1913
1925
1937
1948
1959
1968
1978
1985
1993
1997
1999
2002
2002
2002
1999
1996
1991
1985
1978
1970
1959
1950
1938
1927
1915
1903
1892
1878
1868
1854
1844
1834
1823
1815
1807
1802
1794
1788
1783
1779
1775
1773
1771
1770
1770
1768
1768
1769
1770
1770
1770
1771
1768
1767
1766
1764
1761
1756
1753
1746
1739
1731
1723
1714
1702
1690
1678
1664
1650
1635
1621
1606
1592
1577
1563
1550
1538
1526
1514
1506
1496
1490
1483
1479
1475
1472
1471
1470
1471
1471
1473
1475
1475
1477
1477
1478
1479
1479
1479
1478
1476
1475
1473
1469
1466
1463
1458
1454
1451
1447
1444
1440
1438
1435
1434
1433
1433
1434
1434
1435
1437
1441
1444
1450
1455
1460
1467
1475
1482
1491
1497
1505
1514
1523
1532
1541
1551
1560
1571
1580
1591
1602
1612
1624
1634
1645
1655
1666
1677
1686
1697
1707
1716
1726
1734
1743
1750
1758
1765
1771
1778
1783
1788
1793
1798
1803
1807
1812
1815
1818
1822
1824
1827
1828
1830
1830
1830
1830
1830
1828
1825
1823
1818
1814
1808
1803
1799
1792
1787
1780
1774
1767
1761
1756
1749
1743
1738
1733
1727
1723
1718
1714
1711
1709
1708
1706
1706
1705
1705
1704
1706
1707
1709
1711
1713
1714
1716
1719
1722
1723
1726
1726
1728
1729
1729
1730
1729
1729
1730
1728
1729
1727
1726
1725
1724
1722
1719
1718
1714
1711
1708
1706
1703
1699
1695
1691
1687
1682
1679
1674
1667
1663
1656
1651
1646
1638
1633
1626
1620
1611
1604
1596
1587
1580
1570
1561
1551
1542
1532
1523
1514
1505
1495
1487
1479
1470
1463
1454
1447
1439
1434
1427
1422
1418
1412
1408
1404
1401
1398
1395
1394
1392
1391
1391
1391
1391
1393
1393
1395
1397
1400
1402
1405
1408
1410
1414
1418
1421
1426
1430
1435
1437
1442
1446
1450
1454
1458
1463
1467
1471
1475
1480
1485
1490
1495
1500
1506
1511
1516
1522
1527
1534
1540
1547
1554
1562
1568
1576
1583
1594
1602
1610
1620
1628
1639
1648
1659
1670
1681
1692
1702
1713
1722
1731
1740
1750
1759
1768
1778
1787
1797
1806
1817
1827
1838
1850
1859
1870
1879
1890
1899
1906
1912
1918
1923
1927
1929
1931
1931
1930
1926
1922
1919
1914
1907
1901
1895
1887
1882
1875
1867
1860
1854
1847
1842
1835
1831
1826
1823
1822
1819
1821
1820
1822
1825
1828
1835
1839
1846
1852
1860
1868
1877
1887
1897
1908
1918
1930
1943
1954
1967
1981
1996
2008
2023
2038
2054
2069
2086
2102
2120
2138
2156
2175
2191
2211
2228
2246
2264
2282
2300
2316
2335
2349
2365
2378
2391
2402
2414
2421
2430
2436
2442
2446
2447
2450
2447
2446
2444
2439
2433
2426
2420
2410
2400
2390
2380
2367
2357
2344
2334
2322
2311
2300
2289
2280
2268
2260
2251
2243
2235
2228
2223
2218
2214
2207
2206
2202
2201
2199
2199
2198
2199
2200
2200
2203
2203
2207
2206
2207
2207
2209
2207
2207
2207
2206
2206
2201
2199
2195
2191
2188
2183
2180
2174
2170
2163
2159
2152
2147
2142
2135
2130
2124
2118
2111
2104
2098
2090
2084
2077
2070
2063
2055
2050
2042
2036
2030
2023
2017
2013
2008
2005
2002
1999
1998
1994
1995
1993
1992
1991
1991
1991
1990
1990
1988
1987
1983
1982
1976
1972
1967
1962
1955
1948
1942
1934
1928
1920
1916
1911
1908
1906
1907
1910
1914
1919
1926
1935
1947
1960
1976
1990
2007
2024
2042
2058
2075
2092
2106
2119
2130
2140
2150
2154
2159
2162
2163
2163
2162
2160
2157
2154
2150
2147
2143
2140
2138
2135
2134
2133
2134
2134
2136
2139
2141
2144
2147
2150
2153
2156
2158
2161
2164
2166
2167
2167
2168
2168
2166
2165
2161
2156
2151
2145
2138
2130
2122
2110
2102
2092
2082
2071
2058
2047
2035
2023
2011
1999
1988
1978
1966
1955
1945
1935
1926
1917
1907
1900
1889
1881
1873
1865
1856
1848
1839
1832
1823
1816
1807
1799
1791
1781
1774
1763
1755
1745
1736
1727
1718
1710
1702
1693
1684
1677
1668
1662
1653
1647
1641
1635
1630
1626
1624
1620
1619
1616
1615
1615
1616
1618
1620
1623
1626
1630
1633
1637
1640
1645
1648
1651
1654
1658
1660
1661
1664
1665
1668
1669
1670
1671
1672
1673
1674
1675
1676
1677
1678
1678
1679
1679
1681
1682
1682
1682
1682
1683
1682
1682
1682
1682
1683
1684
1684
1686
1687
1687
1689
1690
1690
1690
1691
1690
1691
1691
1692
1692
1694
1695
1695
1698
1698
1700
1701
1703
1704
1707
1709
1711
1713
1716
1718
1721
1723
1726
1728
1729
1731
1730
1733
1732
1733
1733
1734
1734
1734
1734
1733
1732
1731
1730
1728
1726
1726
1724
1724
1723
1723
1723
1723
1724
1726
1730
1731
1734
1738
1742
1747
1752
1758
1763
1769
1775
1780
1785
1790
1794
1799
1804
1806
1810
1811
1814
1816
1818
1819
1820
1820
1822
1822
1821
1822
1820
1819
1818
1817
1815
1814
1813
1810
1808
1805
1802
1798
1795
1792
1789
1786
1783
1780
1776
1775
1770
1768
1764
1762
1758
1755
1753
1751
1750
1748
1749
1748
1750
1750
1753
1754
1758
1759
1762
1763
1767
1767
1770
1772
1772
1773
1774
1772
1771
1769
1766
1764
1759
1756
1752
1749
1746
1742
1740
1735
1733
1730
1727
1726
1722
1722
1718
1718
1718
1718
1719
1718
1720
1722
1724
1727
1730
1735
1739
1743
1748
1753
1759
1764
1769
1774
1779
1782
1786
1788
1791
1793
1794
1798
1798
1800
1802
1804
1807
1810
1813
1816
1819
1823
1828
1834
1839
1846
1851
1858
1864
1869
1875
1880
1884
1888
1891
1894
1894
1895
1894
1894
1894
1891
1887
1886
1882
1878
1871
1867
1860
1854
1849
1840
1834
1826
1819
1812
1802
1794
1787
1780
1774
1767
1762
1756
1754
1750
1749
1749
1748
1750
1752
1754
1758
1759
1764
1767
1771
1776
1780
1784
1788
1791
1796
1799
1803
1806
1809
1811
1815
1817
1820
1825
1828
1834
1837
1842
1846
1850
1855
1859
1865
1868
1873
1877
1882
1886
1889
1892
1895
1898
1900
1902
1903
1905
1906
1904
1906
1904
1907
1904
1904
1903
1903
1903
1901
1900
1897
1895
1893
1892
1889
1887
1885
1884
1882
1880
1878
1877
1876
1875
1876
1875
1877
1878
1880
1883
1887
1890
1895
1900
1904
1910
1915
1922
1929
1934
1940
1946
1952
1959
1965
1972
1978
1983
1989
1994
2000
2005
2011
2015
2022
2027
2034
2042
2047
2052
2059
2066
2074
2078
2084
2091
2097
2103
2110
2115
2120
2126
2130
2134
2139
2142
2146
2146
2148
2150
2151
2152
2150
2150
2148
2147
2145
2143
2140
2137
2135
2133
2131
2130
2127
2127
2125
2125
2126
2125
2125
2123
2122
2121
2119
2117
2115
2113
2110
2106
2103
2098
2094
2090
2087
2082
2078
2072
2067
2063
2058
2055
2051
2047
2042
2038
2032
2028
2023
2019
2015
2008
2004
1998
1994
1990
1984
1981
1975
1970
1965
1960
1955
1951
1945
1940
1935
1931
1926
1920
1916
1911
1905
1901
1895
1890
1886
1881
1878
1872
1869
1864
1862
1859
1855
1854
1850
1848
1846
1843
1842
1839
1839
1837
1837
1835
1834
1834
1834
1835
1834
1835
1836
1837
1838
1840
1844
1847
1851
1854
1859
1864
1870
1875
1882
1889
1895
1903
1911
1920
1928
1938
1948
1958
1970
1979
1989
1999
2011
2021
2031
2041
2051
2061
2070
2078
2087
2095
2102
2110
2115
2121
2126
2130
2134
2138
2141
2143
2146
2148
2150
2152
2151
2152
2151
2151
2150
2149
2148
2148
2148
2146
2146
2143
2142
2140
2140
2138
2138
2137
2134
2133
2131
2132
2131
2130
2129
2127
2127
2126
2125
2124
2121
2119
2118
2117
2116
2113
2111
