Sampling rate=500
2315
2317
2319
2322
2324
2327
2330
2337
2340
2346
2350
2354
2359
2362
2364
2369
2370
2373
2378
2382
2387
2395
2399
2409
2418
2426
2435
2443
2452
2460
2468
2475
2483
2491
2497
2503
2509
2510
2511
2514
2511
2510
2509
2505
2502
2499
2500
2497
2495
2495
2497
2497
2497
2499
2498
2499
2501
2504
2507
2511
2514
2519
2522
2523
2525
2525
2523
2519
2515
2511
2503
2496
2488
2479
2470
2460
2450
2436
2424
2412
2399
2384
2372
2361
2350
2340
2331
2326
2317
2312
2305
2299
2297
2290
2286
2284
2283
2279
2279
2282
2280
2281
2281
2282
2281
2279
2277
2276
2271
2268
2263
2259
2257
2250
2245
2239
2232
2225
2216
2210
2201
2190
2182
2174
2168
2164
2157
2152
2147
2143
2138
2134
2131
2127
2124
2122
2120
2119
2119
2120
2120
2121
2122
2122
2122
2122
2122
2119
2119
2118
2118
2118
2119
2119
2119
2117
2117
2114
2111
2110
2106
2103
2100
2100
2097
2095
2095
2093
2092
2090
2090
2088
2085
2084
2085
2084
2085
2087
2092
2094
2099
2104
2108
2113
2117
2123
2127
2133
2138
2144
2151
2158
2164
2170
2177
2181
2185
2189
2191
2194
2194
2197
2200
2202
2204
2209
2210
2211
2212
2215
2213
2212
2211
2211
2209
2210
2208
2210
2207
2207
2207
2205
2202
2200
2198
2193
2190
2188
2188
2184
2185
2186
2186
2186
2186
2187
2189
2188
2190
2191
2194
2196
2200
2205
2210
2214
2219
2223
2228
2232
2234
2238
2240
2246
2247
2250
2255
2260
2263
2268
2268
2270
2271
2273
2271
2271
2272
2271
2273
2275
2275
2275
2275
2276
2274
2273
2271
2271
2269
2268
2268
2268
2270
2270
2271
2273
2275
2276
2277
2278
2279
2282
2281
2284
2287
2292
2294
2297
2301
2303
2308
2310
2311
2314
2316
2319
2323
2326
2330
2334
2340
2342
2346
2350
2355
2354
2356
2358
2358
2359
2361
2362
2362
2362
2364
2361
2359
2358
2352
2350
2346
2342
2338
2335
2334
2330
2330
2328
2327
2326
2324
2323
2323
2320
2321
2322
2323
2327
2327
2331
2334
2335
2336
2338
2339
2340
2340
2339
2338
2339
2338
2339
2337
2335
2335
2330
2326
2322
2317
2311
2304
2299
2294
2290
2283
2279
2274
2269
2265
2258
2252
2247
2241
2236
2232
2229
2227
2226
2223
2225
2224
2226
2224
2223
2224
2223
2224
2223
2225
2226
2228
2228
2230
2230
2230
2230
2228
2225
2222
2220
2216
2212
2207
2204
2201
2195
2191
2186
2180
2170
2163
2155
2146
2139
2131
2123
2117
2110
2106
2098
2092
2086
2080
2074
2068
2063
2059
2055
2054
2052
2053
2052
2054
2054
2057
2056
2057
2059
2060
2063
2065
2069
2071
2076
2079
2083
2087
2087
2088
2088
2087
2087
2087
2085
2084
2083
2082
2081
2079
2076
2074
2070
2066
2062
2058
2054
2050
2046
2044
2039
2036
2034
2031
2026
2022
2018
2012
2007
2003
1999
1996
1991
1989
1986
1984
1980
1976
1973
1970
1966
1962
1959
1956
1954
1953
1951
1951
1951
1952
1951
1951
1951
1951
1953
1951
1953
1954
1957
1960
1962
1964
1966
1968
1967
1969
1969
1970
1967
1967
1967
1966
1966
1966
1964
1962
1961
1958
1954
1950
1947
1943
1939
1935
1935
1933
1932
1930
1929
1928
1928
1926
1923
1922
1922
1921
1921
1922
1923
1925
1927
1926
1927
1926
1924
1923
1920
1915
1912
1910
1903
1900
1896
1891
1886
1879
1872
1865
1858
1848
1839
1832
1826
1818
1812
1807
1802
1798
1794
1788
1786
1782
1780
1778
1779
1780
1783
1787
1792
1799
1806
1814
1821
1829
1836
1845
1853
1861
1871
1878
1887
1895
1902
1908
1914
1918
1921
1921
1922
1920
1920
1918
1914
1912
1909
1907
1901
1897
1892
1886
1879
1874
1867
1862
1859
1854
1852
1851
1852
1851
1852
1853
1855
1856
1859
1862
1866
1871
1876
1882
1890
1896
1903
1910
1915
1922
1924
1927
1931
1934
1938
1938
1940
1942
1943
1944
1941
1939
1936
1933
1927
1923
1918
1913
1908
1903
1901
1898
1892
1889
1886
1883
1877
1874
1871
1868
1868
1866
1866
1868
1870
1871
1874
1877
1879
1882
1884
1884
1887
1890
1892
1894
1898
1898
1901
1902
1903
1903
1902
1900
1900
1898
1898
1898
1898
1899
1902
1902
1903
1906
1907
1909
1909
1911
1912
1913
1914
1916
1918
1922
1922
1923
1923
1923
1923
1920
1917
1914
1912
1909
1908
1905
1903
1900
1898
1894
1891
1886
1882
1878
1875
1870
1867
1865
1863
1861
1859
1859
1858
1857
1855
1854
1854
1855
1855
1857
1860
1865
1867
1871
1877
1880
1880
1882
1882
1882
1879
1876
1872
1868
1865
1859
1855
1848
1842
1834
1827
1820
1812
1805
1800
1793
1789
1785
1781
1778
1775
1772
1768
1765
1762
1758
1754
1753
1750
1749
1749
1750
1751
1752
1755
1758
1759
1762
1766
1771
1774
1780
1786
1794
1802
1810
1818
1825
1832
1839
1844
1848
1854
1856
1861
1863
1867
1868
1870
1871
1870
1870
1867
1865
1860
1855
1852
1848
1845
1844
1839
1839
1839
1838
1837
1838
1836
1837
1839
1839
1842
1848
1851
1858
1863
1870
1876
1882
1887
1893
1898
1903
1904
1910
1914
1918
1922
1924
1926
1927
1927
1927
1924
1920
1916
1910
1906
1898
1893
1887
1882
1876
1869
1863
1858
1852
1846
1839
1836
1834
1833
1834
1836
1840
1843
1850
1856
1864
1870
1878
1886
1895
1905
1915
1927
1938
1947
1958
1967
1976
1984
1989
1994
1998
2002
2003
2004
2006
2008
2007
2009
2010
2008
2007
2006
2003
2002
1998
1998
1997
1997
1999
1999
2000
2004
2005
2007
2008
2010
2012
2014
2018
2020
2023
2030
2031
2036
2039
2044
2046
2048
2051
2051
2052
2052
2054
2056
2056
2058
2060
2059
2061
2061
2060
2059
2058
2056
2056
2054
2054
2054
2054
2055
2055
2055
2056
2054
2054
2054
2054
2053
2054
2054
2058
2058
2061
2062
2062
2063
2063
2062
2061
2059
2058
2058
2057
2057
2058
2059
2062
2061
2062
2063
2063
2063
2064
2066
2068
2070
2072
2075
2079
2080
2083
2084
2085
2086
2085
2086
2084
2083
2083
2083
2083
2084
2084
2084
2085
2084
2084
2083
2084
2083
2084
2086
2087
2090
2092
2095
2098
2100
2100
2101
2103
2102
2103
2103
2106
2109
2111
2114
2118
2120
2123
2125
2127
2130
2132
2134
2136
2140
2143
2148
2152
2156
2159
2162
2165
2167
2168
2168
2169
2170
2170
2170
2173
2171
2171
2171
2170
2168
2164
2161
2158
2154
2151
2148
2147
2143
2143
2143
2143
2142
2142
2142
2143
2143
2143
2147
2148
2152
2158
2164
2172
2176
2184
2191
2198
2204
2212
2220
2225
2232
2239
2248
2252
2259
2263
2267
2268
2269
2269
2266
2263
2260
2255
2252
2246
2240
2237
2229
2222
2216
2207
2199
2191
2186
2178
2173
2170
2166
2165
2165
2166
2166
2168
2171
2175
2178
2183
2189
2198
2203
2213
2223
2233
2243
2254
2264
2271
2281
2290
2295
2303
2311
2318
2324
2331
2338
2342
2346
2348
2351
2350
2350
2349
2346
2345
2343
2339
2337
2334
2331
2327
2324
2319
2315
2311
2307
2305
2302
2301
2301
2302
2304
2304
2306
2307
2309
2314
2312
2314
2318
2318
2322
2327
2330
2334
2339
2343
2347
2351
2354
2358
2359
2361
2364
2367
2370
2375
2376
2379
2383
2386
2386
2386
2387
2387
2389
2387
2388
2390
2390
2391
2392
2394
2393
2394
2393
2393
2391
2391
2391
2392
2393
2395
2398
2401
2402
2404
2406
2406
2407
2407
2409
2409
2410
2412
2413
2417
2415
2419
2420
2422
2421
2422
2421
2423
2421
2422
2423
2426
2428
2429
2432
2432
2433
2433
2434
2432
2433
2434
2436
2437
2440
2443
2444
2447
2450
2453
2453
2455
2456
2458
2460
2460
2463
2466
2469
2472
2478
2478
2481
2483
2486
2486
2489
2491
2495
2496
2499
2502
2506
2507
2509
2509
2510
2507
2507
2504
2503
2502
2499
2499
2499
2498
2497
2497
2497
2494
2493
2491
2490
2487
2487
2486
2486
2483
2482
2481
2479
2475
2472
2468
2463
2460
2457
2454
2451
2451
2450
2450
2452
2457
2458
2461
2463
2470
2472
2478
2484
2491
2498
2506
2514
2522
2529
2535
2540
2544
2548
2550
2551
2552
2551
2551
2549
2547
2543
2538
2531
2523
2513
2502
2491
2479
2469
2456
2446
2439
2428
2421
2414
2406
2399
2396
2391
2388
2386
2388
2387
2390
2394
2399
2403
2408
2413
2419
2422
2426
2431
2433
2438
2441
2447
2447
2452
2456
2458
2460
2462
2463
2461
2459
2458
2458
2454
2452
2452
2449
2447
2443
2442
2439
2432
2428
2425
2420
2415
2413
2411
2412
2409
2409
2407
2408
2409
2408
2408
2409
2410
2410
2411
2414
2415
2417
2419
2422
2424
2424
2426
2425
2427
2426
2426
2426
2427
2428
2430
2431
2432
2434
2434
2435
2435
2436
2434
2435
2436
2439
2440
2442
2443
2447
2446
2447
2447
2446
2444
2444
2439
2439
2437
2435
2435
2432
2432
2428
2426
2424
2421
2415
2413
2410
2408
2403
2401
2399
2396
2395
2393
2390
2387
2383
2381
2378
2374
2372
2374
2371
2371
2372
2374
2373
2375
2375
2375
2375
2375
2376
2379
2379
2381
2383
2386
2386
2388
2390
2388
2388
2386
2383
2382
2378
2376
2375
2371
2369
2366
2366
2361
2358
2356
2350
2347
2343
2342
2340
2341
2341
2342
2343
2347
2347
2350
2351
2353
2355
2358
2362
2364
2369
2373
2379
2383
2387
2393
2394
2396
2399
2399
2399
2402
2399
2402
2401
2401
2399
2399
2399
2396
2394
2390
2388
2382
2380
2378
2376
2376
2375
2377
2377
2378
2378
2381
2382
2383
2386
2390
2395
2402
2406
2413
2420
2430
2434
2440
2447
2452
2456
2460
2465
2468
2472
2477
2479
2482
2484
2486
2483
2481
2479
2475
2470
2463
2461
2455
2449
2444
2438
2432
2427
2422
2413
2407
2401
2398
2391
2388
2385
2386
2386
2387
2390
2391
2394
2397
2399
2403
2406
2410
2415
2418
2423
2430
2434
2439
2442
2445
2447
2449
2450
2447
2448
2450
2447
2447
2447
2446
2445
2443
2439
2437
2433
2427
2422
2418
2412
2407
2402
2398
2394
2390
2385
2382
2375
2372
2366
2362
2358
2356
2351
2351
2350
2351
2350
2351
2351
2351
2351
2350
2351
2351
2351
2351
2355
2357
2359
2362
2363
2364
2367
2366
2364
2364
2364
2362
2362
2362
2362
2360
2360
2359
2357
2355
2353
2350
2347
2344
2342
2339
2338
2337
2338
2335
2335
2334
2334
2332
2332
2330
2329
2330
2328
2330
2333
2332
2335
2337
2338
2339
2339
2342
2339
2339
2340
2342
2342
2343
2344
2346
2349
2348
2349
2350
2350
2347
2347
2347
2344
2343
2343
2343
2342
2342
2339
2334
2332
2327
2325
2319
2318
2312
2310
2310
2308
2306
2305
2303
2302
2300
2298
2297
2295
2295
2294
2293
2294
2295
2298
2298
2299
2300
2300
2300
2302
2299
2300
2300
2301
2302
2303
2304
2305
2306
2306
2304
2303
2302
2302
2300
2300
2300
2300
2302
2302
2302
2302
2302
2303
2300
2298
2294
2292
2287
2287
2283
2282
2278
2276
2274
2268
2266
2260
2258
2253
2250
2250
2248
2248
2253
2255
2259
2266
2271
2277
2283
2290
2299
2306
2315
2324
2333
2343
2351
2359
2367
2371
2374
2377
2378
2375
2374
2370
2367
2362
2354
2348
2342
2331
2323
2314
2303
2294
2283
2274
2266
2259
2255
2250
2248
2247
2247
2248
2250
2252
2254
2257
2263
2266
2271
2278
2284
2292
2299
2306
2310
2314
2318
2319
2319
2319
2319
2319
2319
2319
2316
2315
2314
2310
2307
2303
2299
2295
2290
2286
2283
2279
2278
2274
2271
2270
2265
2262
2260
2255
2252
2248
2246
2242
2240
2240
2242
2241
2243
2244
2245
2247
2249
2251
2254
2256
2262
2266
2271
2281
2286
2293
2300
2305
2310
2315
2318
2322
2326
2331
2332
2335
2340
2341
2344
2346
2347
2346
2343
2343
2341
2339
2339
2337
2336
2335
2335
2334
2335
2334
2331
2330
2328
2327
2326
2325
2325
2326
2325
2326
2326
2326
2325
2323
2322
2318
2314
2310
2305
2301
2297
2292
2287
2283
2277
2270
2264
2258
2250
2242
2235
2227
2220
2213
2209
2201
2197
2190
2185
2178
2172
2164
2158
2152
2146
2141
2138
2134
2130
2127
2126
2121
2119
2116
2114
2111
2110
2110
2108
2110
2111
2114
2116
2119
2121
2123
2125
2127
2126
2127
2127
2127
2129
2131
2131
2131
2130
2130
2126
2123
2119
2116
2110
2106
2102
2099
2094
2091
2090
2084
2081
2078
2071
2068
2063
2059
2056
2054
2052
2050
2050
2049
2049
2048
2047
2047
2044
2043
2042
2042
2041
2042
2042
2044
2047
2047
2050
2053
2054
2055
2058
2058
2060
2063
2067
2069
2073
2077
2082
2084
2087
2088
2092
2090
2092
2093
2093
2094
2095
2095
2095
2095
2094
2092
2090
2086
2082
2077
2074
2068
2065
2062
2061
2058
2056
2055
2055
2054
2054
2054
2055
2058
2062
2066
2072
2079
2088
2098
2108
2119
2127
2138
2147
2157
2167
2178
2187
2197
2207
2215
2226
2230
2235
2238
2240
2239
2240
2236
2234
2230
2224
2220
2215
2209
2202
2195
2186
2178
2166
2157
2148
2138
2131
2121
2114
2109
2102
2097
2090
2086
2082
2077
2074
2071
2070
2070
2071
2074
2078
2083
2086
2091
2096
2100
2104
2110
2114
2119
2125
2132
2138
2143
2151
2156
2162
2166
2172
2174
2176
2181
2182
2184
2188
2191
2193
2196
2199
2198
2198
2198
2197
2196
2194
2191
2190
2190
2188
2188
2188
2187
2186
2185
2183
2182
2179
2178
2176
2176
2176
2175
2175
2178
2176
2177
2176
2176
2176
2173
2171
2170
2171
2170
2170
2170
2172
2171
2171
2171
2171
2170
2168
2167
2168
2165
2165
2164
2165
2162
2161
2159
2158
2152
2148
2143
2138
2134
2127
2121
2117
2112
2109
2106
2102
2098
2093
2089
2086
2083
2078
2077
2076
2075
2075
2075
2076
2079
2078
2078
2078
2079
2076
2076
2077
2078
2079
2080
2083
2086
2087
2090
2091
2093
2095
2095
2097
2101
2102
2106
2108
2112
2115
2117
2118
2119
2119
2118
2117
2116
2114
2114
2111
2110
2108
2108
2106
2104
2102
2099
2095
2095
2095
2095
2096
2099
2104
2108
2112
2119
2124
2130
2135
2142
2148
2154
2159
2165
2172
2177
2183
2188
2194
2194
2195
2194
2193
2187
2183
2177
2172
2162
2154
2146
2136
2126
2115
2103
2092
2079
2067
2058
2047
2039
2032
2029
2024
2023
2023
2024
2026
2027
2031
2036
2042
2047
2055
2064
2072
2082
2094
2103
2110
2119
2126
2134
2138
2143
2150
2155
2158
2163
2168
2173
2174
2176
2177
2178
2175
2174
2173
2169
2167
2166
2166
2163
2162
2163
2160
2162
2159
2159
2159
2159
2159
2161
2164
2167
2171
2175
2182
2183
2188
2194
2195
2199
2202
2206
2207
2214
2219
2222
2227
2232
2234
2238
2240
2243
2244
2246
2247
2251
2252
2255
2258
2262
2266
2267
2270
2274
2274
