Sampling rate=500
1795
1794
1797
1798
1802
1803
1804
1805
1805
1802
1800
1797
1789
1785
1778
1772
1765
1758
1749
1742
1733
1724
1714
1704
1695
1685
1676
1670
1665
1661
1657
1655
1656
1658
1661
1664
1667
1673
1677
1686
1696
1704
1715
1726
1739
1749
1761
1772
1782
1791
1796
1805
1809
1815
1818
1820
1824
1826
1826
1824
1824
1819
1812
1808
1801
1795
1787
1779
1773
1768
1761
1754
1751
1745
1741
1735
1729
1726
1722
1720
1717
1716
1716
1717
1719
1720
1721
1723
1724
1724
1724
1726
1726
1729
1730
1733
1736
1739
1740
1739
1742
1744
1744
1741
1741
1739
1737
1737
1737
1736
1736
1735
1733
1729
1728
1725
1722
1717
1716
1712
1713
1713
1714
1716
1716
1719
1721
1723
1724
1728
1731
1734
1737
1740
1747
1752
1757
1763
1767
1771
1773
1778
1779
1784
1785
1789
1792
1796
1800
1803
1806
1808
1813
1814
1816
1818
1821
1822
1825
1828
1832
1836
1841
1845
1850
1854
1857
1860
1863
1864
1867
1869
1872
1873
1877
1879
1882
1883
1885
1884
1884
1882
1879
1878
1874
1873
1869
1869
1865
1863
1861
1857
1852
1847
1840
1835
1828
1821
1816
1810
1806
1801
1796
1792
1784
1779
1772
1766
1760
1752
1748
1744
1739
1736
1733
1730
1732
1729
1731
1729
1731
1732
1732
1735
1737
1741
1745
1750
1754
1757
1761
1763
1765
1765
1765
1765
1763
1761
1760
1757
1755
1753
1749
1748
1744
1740
1735
1731
1727
1722
1719
1716
1713
1712
1712
1709
1708
1706
1704
1701
1696
1693
1688
1685
1682
1679
1674
1672
1668
1665
1661
1657
1652
1648
1643
1641
1637
1636
1635
1636
1637
1639
1642
1645
1649
1652
1658
1661
1669
1675
1685
1694
1704
1713
1724
1733
1741
1752
1760
1766
1772
1776
1781
1785
1789
1790
1792
1792
1791
1789
1784
1779
1773
1767
1759
1752
1745
1737
1734
1729
1724
1721
1720
1717
1716
1713
1714
1716
1718
1721
1727
1734
1740
1749
1757
1765
1772
1779
1786
1792
1797
1803
1808
1812
1814
1820
1821
1822
1824
1820
1818
1813
1808
1800
1793
1786
1779
1772
1765
1760
1751
1744
1736
1728
1721
1712
1708
1702
1697
1696
1694
1694
1693
1693
1697
1697
1701
1703
1707
1712
1713
1721
1728
1734
1741
1749
1757
1762
1771
1776
1781
1787
1792
1795
1799
1801
1808
1812
1815
1817
1821
1824
1825
1825
1824
1825
1825
1827
1826
1827
1829
1829
1829
1829
1829
1827
1826
1824
1819
1816
1812
1811
1808
1806
1803
1801
1799
1793
1792
1785
1782
1779
1774
1771
1768
1766
1764
1764
1763
1761
1761
1761
1760
1760
1757
1758
1760
1760
1761
1762
1765
1768
1769
1770
1771
1770
1770
1768
1768
1764
1764
1762
1761
1757
1753
1751
1745
1740
1732
1721
1715
1705
1697
1687
1679
1669
1662
1653
1648
1640
1632
1623
1613
1609
1603
1599
1595
1592
1593
1593
1595
1597
1598
1604
1607
1611
1616
1622
1629
1636
1645
1653
1666
1675
1689
1699
1709
1720
1727
1736
1744
1751
1758
1763
1769
1774
1779
1781
1783
1781
1781
1779
1773
1769
1764
1760
1753
1749
1742
1738
1732
1728
1721
1716
1710
1706
1701
1699
1698
1697
1700
1703
1708
1713
1720
1725
1733
1741
1747
1755
1763
1773
1781
1792
1800
1808
1817
1824
1829
1833
1835
1835
1834
1834
1832
1831
1827
1825
1821
1817
1815
1810
1806
1799
1795
1789
1785
1781
1780
1777
1775
1776
1776
1778
1778
1778
1780
1783
1785
1787
1791
1795
1799
1805
1810
1817
1821
1825
1829
1832
1834
1835
1836
1836
1835
1836
1834
1834
1832
1828
1826
1822
1817
1811
1804
1798
1792
1786
1780
1776
1771
1767
1761
1758
1753
1747
1744
1737
1733
1729
1726
1724
1721
1721
1718
1719
1717
1717
1715
1713
1712
1711
1709
1708
1710
1710
1712
1712
1711
1712
1709
1708
1707
1704
1701
1697
1696
1692
1690
1685
1685
1683
1680
1677
1673
1669
1665
1661
1659
1656
1655
1653
1653
1653
1654
1655
1654
1655
1655
1656
1656
1656
1657
1660
1662
1663
1667
1669
1671
1671
1673
1672
1669
1668
1667
1665
1663
1661
1660
1657
1656
1655
1650
1648
1643
1639
1635
1632
1627
1624
1621
1618
1616
1613
1613
1611
1608
1605
1601
1600
1597
1596
1594
1592
1593
1593
1595
1595
1595
1596
1593
1594
1592
1593
1592
1592
1592
1593
1595
1596
1597
1599
1597
1599
1600
1600
1601
1604
1606
1609
1613
1620
1625
1632
1637
1645
1651
1657
1664
1670
1677
1682
1693
1700
1708
1715
1720
1728
1732
1733
1737
1739
1740
1740
1738
1740
1738
1740
1740
1739
1739
1737
1737
1736
1736
1735
1733
1737
1740
1744
1750
1759
1765
1774
1783
1793
1802
1813
1824
1836
1849
1862
1876
1889
1901
1914
1925
1935
1942
1948
1954
1957
1960
1961
1962
1962
1961
1959
1956
1952
1947
1944
1936
1931
1925
1920
1913
1912
1908
1905
1905
1904
1902
1901
1901
1897
1899
1896
1897
1896
1897
1899
1900
1902
1904
1906
1908
1909
1910
1910
1912
1912
1915
1916
1918
1920
1922
1924
1926
1925
1924
1922
1919
1917
1912
1909
1904
1901
1897
1892
1890
1885
1881
1875
1872
1865
1861
1856
1852
1846
1845
1842
1840
1837
1836
1833
1831
1826
1824
1817
1816
1812
1809
1808
1806
1806
1804
1806
1805
1808
1808
1809
1810
1812
1815
1817
1824
1827
1835
1840
1847
1852
1856
1860
1861
1864
1864
1864
1864
1862
1862
1860
1857
1853
1848
1841
1835
1827
1819
1808
1803
1793
1786
1780
1775
1768
1761
1756
1748
1744
1737
1731
1725
1720
1716
1712
1709
1707
1706
1703
1704
1701
1700
1697
1697
1696
1694
1693
1691
1692
1692
1692
1692
1689
1689
1688
1684
1681
1677
1672
1666
1664
1660
1658
1653
1651
1648
1642
1639
1632
1629
1625
1623
1619
1617
1617
1617
1619
1620
1621
1624
1624
1626
1626
1629
1632
1635
1637
1641
1648
1649
1655
1657
1663
1665
1669
1669
1672
1673
1673
1675
1675
1678
1678
1680
1677
1677
1674
1671
1665
1660
1653
1645
1640
1633
1626
1617
1612
1603
1595
1585
1575
1568
1558
1550
1542
1535
1529
1526
1524
1521
1521
1520
1524
1525
1530
1533
1539
1545
1552
1563
1572
1585
1597
1609
1619
1632
1642
1649
1660
1669
1673
1682
1689
1696
1701
1705
1710
1712
1715
1715
1715
1715
1713
1712
1712
1710
1710
1710
1712
1712
1712
1712
1713
1713
1715
1714
1717
1717
1721
1725
1729
1733
1737
1741
1744
1748
1749
1754
1756
1760
1765
1769
1775
1780
1786
1792
1797
1802
1808
1811
1815
1818
1822
1825
1828
1833
1836
1840
1841
1845
1847
1848
1848
1847
1845
1843
1841
1840
1840
1836
1835
1832
1829
1825
1820
1815
1809
1803
1797
1792
1787
1781
1777
1773
1769
1767
1763
1762
1760
1757
1755
1752
1753
1752
1753
1753
1756
1760
1761
1763
1765
1764
1763
1764
1763
1763
1760
1761
1761
1761
1760
1759
1757
1753
1752
1748
1744
1738
1736
1730
1727
1723
1718
1716
1711
1708
1701
1697
1689
1685
1680
1675
1669
1667
1663
1660
1659
1657
1657
1657
1659
1659
1661
1664
1669
1673
1681
1688
1695
1705
1712
1723
1731
1740
1745
1755
1761
1768
1776
1781
1788
1793
1801
1808
1814
1819
1824
1827
1832
1836
1840
1845
1850
1856
1862
1868
1874
1880
1884
1889
1893
1897
1901
1904
1907
1909
1913
1916
1919
1921
1924
1925
1926
1925
1924
1923
1922
1923
1921
1924
1924
1928
1929
1931
1934
1935
1936
1934
1936
1935
1936
1936
1934
1933
1931
1930
1927
1924
1917
1912
1905
1896
1887
1877
1870
1861
1852
1844
1834
1829
1820
1814
1806
1799
1792
1785
1781
1777
1776
1771
1772
1772
1772
1772
1773
1771
1771
1770
1769
1770
1769
1771
1769
1772
1772
1773
1772
1771
1768
1765
1761
1758
1753
1751
1748
1745
1742
1740
1739
1738
1737
1737
1737
1739
1741
1744
1749
1755
1760
1769
1776
1785
1791
1796
1800
1803
1803
1803
1800
1795
1792
1785
1780
1771
1764
1755
1744
1733
1721
1709
1696
1688
1677
1669
1662
1655
1652
1648
1644
1640
1640
1636
1636
1633
1632
1633
1633
1635
1635
1640
1641
1645
1648
1649
1651
1651
1652
1651
1653
1654
1657
1659
1661
1661
1665
1667
1667
1667
1667
1667
1667
1667
1667
1669
1669
1672
1673
1675
1675
1677
1676
1674
1673
1670
1670
1667
1668
1665
1665
1666
1665
1663
1663
1660
1658
1656
1653
1652
1651
1650
1651
1652
1651
1653
1653
1656
1656
1657
1657
1659
1658
1661
1664
1666
1669
1672
1674
1676
1677
1679
1677
1675
1676
1675
1675
1675
1676
1676
1677
1680
1680
1682
1682
1685
1685
1690
1692
1697
1703
1708
1714
1721
1727
1735
1739
1745
1749
1752
1756
1758
1761
1765
1767
1771
1772
1776
1776
1779
1777
1781
1781
1783
1784
1785
1787
1789
1793
1795
1800
1804
1808
1811
1813
1816
1817
1821
1825
1828
1833
1838
1844
1848
1855
1858
1864
1867
1870
1873
1876
1878
1881
1884
1888
1891
1893
1895
1894
1897
1896
1895
1892
1890
1888
1885
1881
1881
1877
1873
1870
1865
1863
1858
1853
1848
1843
1839
1836
1833
1832
1830
1829
1828
1828
1829
1827
1829
1830
1832
1835
1840
1845
1851
1861
1869
1878
1887
1897
1905
1914
1922
1929
1937
1945
1953
1958
1966
1971
1976
1977
1979
1977
1975
1972
1968
1961
1955
1949
1942
1936
1929
1920
1912
1904
1896
1886
1876
1867
1857
1852
1844
1841
1837
1834
1831
1829
1827
1824
1822
1817
1818
1816
1817
1817
1817
1818
1820
1820
1821
1820
1820
1819
1815
1814
1812
1810
1808
1808
1806
1808
1804
1803
1801
1799
1796
1792
1790
1785
1784
1780
1780
1776
1776
1772
1771
1768
1764
1758
1754
1748
1743
1737
1731
1727
1721
1717
1713
1709
1705
1700
1694
1691
1687
1683
1680
1676
1677
1675
1677
1677
1680
1681
1681
1683
1683
1685
1686
1688
1688
1690
1693
1696
1697
1697
1699
1697
1697
1696
1693
1691
1690
1688
1687
1685
1685
1687
1686
1686
1687
1685
1688
1688
1692
1694
1699
1704
1709
1716
1723
1729
1738
1744
1752
1757
1765
1771
1777
1785
1790
1799
1805
1813
1819
1827
1831
1837
1840
1844
1848
1849
1852
1853
1856
1857
1860
1860
1860
1856
1854
1849
1844
1838
1831
1824
1816
1808
1799
1789
1780
1769
1758
1747
1733
1723
1710
1697
1685
1674
1663
1653
1643
1635
1626
1618
1609
1601
1592
1585
1577
1573
1569
1568
1565
1565
1565
1568
1568
1569
1570
1574
1577
1580
1584
1591
1596
1604
1611
1620
1628
1635
1643
1651
1657
1665
1673
1680
1689
1697
1708
1717
1728
1737
1747
1756
1766
1776
1784
1793
1803
1813
1825
1835
1848
1860
1873
1884
1896
1906
1916
1924
1933
1940
1949
1957
1964
1971
1976
1980
1984
1985
1986
1985
1985
1984
1980
1980
1978
1977
1976
1974
1975
1974
1973
1975
1974
1977
1979
1984
1990
2000
2008
2019
2032
2047
2061
2076
2092
2107
2123
2140
2156
2175
2192
2211
2229
2247
2264
2280
2294
2307
2320
2330
2339
2348
2354
2361
2366
2370
2373
2376
2373
2372
2368
2363
2355
2349
2340
2332
2324
2316
2310
2304
2297
2291
2285
2279
2273
2268
2263
2259
2256
2256
2253
2255
2256
2257
2258
2260
2260
2262
2263
2265
2265
2267
2269
2273
2275
2280
2281
2288
2288
2289
2291
2291
2291
2289
2289
2288
2288
2285
2284
2281
2279
2275
2272
2267
2261
2255
2249
2241
2239
2233
2232
2228
2227
2226
2225
2224
2224
2224
2224
2224
2227
2228
2233
2237
2243
2247
2254
2257
2263
2264
2269
2271
2273
2274
2277
2277
2280
2280
2283
2284
2284
2283
2283
2281
2281
2279
2280
2279
2280
2281
2285
2286
2291
2292
2297
2299
2303
2305
2310
2312
2318
2321
2328
2333
2339
2343
2348
2352
2354
2356
2356
2356
2355
2353
2352
2348
2345
2342
2337
2332
2326
2320
2313
2306
2300
2293
2288
2284
2281
2279
2278
2277
2278
2277
2277
2277
2275
2275
2273
2275
2272
2273
2273
2273
2271
2268
2264
2261
2256
2251
2243
2237
2229
2224
2217
2213
2208
2202
2197
2193
2189
2184
2181
2178
2176
2175
2176
2177
2181
2185
2190
2196
2200
2205
2211
2216
2220
2224
2228
2232
2236
2239
2243
2243
2246
2246
2244
2241
2237
2230
2225
2218
2211
2203
2195
2186
2177
2169
2158
2148
2136
2124
2113
2101
2087
2077
2067
2059
2051
2043
2035
2028
2023
2016
2010
2005
2000
1997
1995
1993
1992
1993
1995
1995
1996
1997
1997
1996
1996
1996
1995
1995
1995
1995
1995
1994
1993
1991
1989
1986
1982
1977
1971
1967
1960
1956
1950
1945
1939
1936
1931
1926
1920
1915
1909
1904
1901
1897
1896
1895
1896
1896
1899
1901
1904
1907
1910
1911
1916
1917
1920
1921
1923
1923
1923
1920
1917
1912
1909
1904
1900
1896
1894
1894
1896
1901
1908
1916
1928
1938
1950
1962
1973
1985
1996
2008
2017
2028
2037
2046
2055
2063
2067
2072
2074
2077
2078
2079
2077
2080
2080
2080
2082
2084
2085
2087
2089
2089
2092
2093
2094
2096
2097
2100
2103
2106
2111
2115
2119
2121
2125
2129
2131
2133
2137
2137
2142
2144
2149
2152
2156
2158
2161
2160
2161
2161
2160
2158
2154
2152
2147
2145
2141
2136
2131
2124
2116
2107
2098
2088
2080
2069
2058
2051
2041
2035
2026
2021
2013
2008
2001
1997
1991
1988
1984
1983
1981
1984
1985
1989
1994
2000
2005
2011
2015
2021
2027
2034
2040
2049
2055
2064
2070
2078
2083
2089
2092
2094
2095
2095
2093
2091
2087
2085
2081
2077
2071
2066
2057
2052
2042
2035
2026
2019
2012
2005
2001
1996
1996
1993
1995
1995
1997
2000
2003
2007
2012
2017
2025
2035
2041
2053
2061
2070
2077
2085
2090
2093
2097
2099
2100
2100
2099
2098
2096
2092
2088
2083
2075
2068
2058
2050
2041
2032
2022
2013
2005
1997
1992
1985
1979
1973
1966
1963
1957
1954
1950
1948
1947
1947
1948
1949
1952
1952
1955
1956
1958
1960
1961
1961
1964
1964
1968
1969
1972
1973
1975
1973
1975
1973
1970
1969
1966
1964
1960
1957
1955
1950
1949
1945
1940
1933
1929
1922
1918
1912
1907
1904
1899
1896
1893
1893
1891
1890
1888
1888
1887
1888
1888
1889
1891
1893
1900
1905
1910
1917
1923
1928
1934
1939
1943
1949
1955
1961
1965
1973
1980
1985
1991
1995
1998
2000
2002
2003
2004
2003
2003
2004
2003
2004
2003
2003
2001
2000
1996
1991
1989
1984
1981
1979
1976
1975
1974
1973
1971
1972
1971
1969
1969
1968
1968
1968
1970
1972
1976
1977
1982
1985
1989
1993
1996
2000
2002
2004
2007
2009
2012
2016
2019
2023
2024
2025
2025
2025
2024
2022
2020
2017
2016
2015
2012
2012
2011
2009
2008
2007
2005
2001
