Sampling rate=500
2198
2207
2215
2223
2230
2236
2242
2249
2255
2262
2270
2277
2286
2296
2308
2316
2326
2335
2346
2356
2365
2375
2386
2396
2408
2419
2430
2443
2452
2463
2475
2486
2499
2509
2520
2533
2547
2562
2575
2591
2607
2623
2638
2652
2670
2682
2696
2711
2723
2735
2747
2759
2770
2779
2788
2795
2799
2806
2809
2812
2815
2818
2822
2822
2824
2824
2824
2823
2822
2818
2812
2806
2799
2792
2786
2779
2767
2759
2751
2742
2731
2721
2710
2698
2686
2674
2662
2653
2642
2631
2624
2616
2607
2598
2588
2580
2572
2563
2556
2547
2542
2536
2532
2527
2526
2525
2525
2523
2522
2523
2522
2523
2525
2527
2530
2534
2538
2545
2550
2554
2559
2563
2566
2570
2573
2575
2579
2582
2584
2590
2594
2597
2598
2602
2605
2607
2607
2607
2610
2614
2618
2622
2627
2634
2639
2646
2653
2659
2666
2671
2678
2686
2690
2698
2703
2710
2717
2723
2727
2732
2735
2735
2737
2737
2735
2735
2735
2734
2735
2734
2734
2732
2732
2733
2734
2734
2735
2738
2742
2748
2754
2760
2770
2781
2790
2802
2814
2823
2834
2846
2856
2868
2880
2894
2906
2922
2933
2946
2958
2970
2980
2991
3002
3011
3021
3030
3040
3051
3059
3068
3071
3078
3082
3086
3087
3087
3087
3087
3086
3086
3086
3087
3086
3082
3079
3075
3071
3066
3060
3054
3049
3045
3039
3035
3030
3023
3018
3013
3007
3004
2996
2991
2984
2978
2974
2968
2964
2959
2954
2950
2945
2939
2932
2926
2919
2911
2903
2894
2886
2878
2868
2860
2850
2840
2828
2814
2799
2787
2772
2757
2742
2726
2711
2696
2681
2666
2650
2635
2619
2602
2586
2572
2559
2546
2534
2523
2511
2503
2494
2485
2477
2470
2462
2455
2447
2442
2435
2431
2426
2423
2418
2415
2413
2410
2408
2407
2408
2407
2406
2409
2412
2414
2415
2419
2422
2424
2425
2424
2423
2422
2418
2414
2409
2404
2398
2395
2388
2383
2377
2371
2365
2359
2354
2347
2342
2338
2334
2332
2331
2331
2330
2330
2329
2330
2330
2330
2330
2331
2333
2335
2337
2340
2343
2346
2347
2347
2347
2346
2345
2343
2340
2337
2332
2330
2324
2319
2314
2307
2300
2291
2282
2271
2260
2250
2241
2228
2216
2206
2194
2182
2170
2157
2143
2127
2112
2095
2079
2063
2050
2036
2021
2006
1991
1975
1960
1946
1930
1915
1900
1884
1868
1853
1837
1823
1808
1792
1777
1759
1746
1730
1713
1697
1683
1670
1658
1647
1638
1630
1622
1615
1610
1604
1598
1592
1587
1582
1577
1573
1570
1565
1561
1558
1554
1549
1543
1535
1529
1520
1513
1505
1498
1490
1484
1478
1471
1466
1459
1453
1445
1438
1431
1424
1415
1408
1402
1394
1386
1378
1367
1358
1347
1335
1322
1310
1298
1286
1274
1263
1255
1247
1239
1231
1224
1218
1212
1206
1201
1196
1192
1188
1186
1183
1182
1181
1179
1178
1175
1175
1174
1174
1175
1176
1180
1185
1191
1199
1209
1221
1232
1246
1260
1275
1291
1307
1325
1342
1361
1380
1398
1417
1434
1450
1465
1478
1490
1499
1509
1518
1526
1534
1542
1549
1557
1564
1571
1578
1584
1591
1598
1605
1613
1622
1630
1639
1647
1658
1668
1678
1686
1697
1704
1712
1722
1731
1739
1748
1757
1765
1775
1783
1788
1795
1799
1804
1806
1807
1808
1810
1808
1807
1806
1802
1798
1791
1783
1773
1762
1748
1734
1720
1704
1686
1670
1652
1634
1615
1598
1578
1558
1540
1521
1503
1486
1471
1458
1446
1436
1428
1422
1417
1413
1410
1409
1408
1410
1411
1415
1418
1422
1426
1431
1436
1439
1443
1445
1447
1447
1448
1448
1450
1450
1451
1452
1454
1455
1458
1457
1458
1457
1455
1455
1454
1452
1451
1450
1448
1447
1445
1443
1439
1436
1432
1426
1422
1416
1412
1409
1404
1401
1399
1396
1392
1390
1388
1386
1384
1383
1381
1381
1382
1383
1386
1390
1394
1398
1401
1404
1408
1412
1416
1419
1423
1428
1432
1438
1443
1447
1453
1458
1463
1467
1471
1476
1481
1487
1493
1500
1507
1516
1525
1532
1540
1548
1554
1561
1567
1575
1581
1586
1595
1602
1609
1615
1623
1631
1639
1646
1654
1662
1671
1679
1688
1698
1708
1719
1730
1740
1750
1759
1768
1775
1783
1790
1798
1806
1812
1820
1826
1834
1839
1845
1850
1853
1856
1859
1860
1862
1863
1864
1866
1866
1865
1864
1863
1860
1858
1854
1850
1846
1844
1840
1839
1839
1842
1846
1850
1855
1862
1868
1876
1883
1893
1903
1916
1929
1942
1956
1971
1985
1999
2012
2025
2037
2047
2059
2068
2078
2087
2096
2105
2113
2122
2127
2131
2135
2137
2138
2139
2139
2139
2137
2136
2134
2131
2128
2124
2120
2114
2108
2100
2094
2087
2082
2078
2074
2073
2071
2069
2068
2070
2070
2071
2071
2072
2075
2078
2082
2087
2093
2098
2106
2112
2118
2125
2131
2134
2139
2143
2148
2154
2158
2163
2168
2172
2175
2177
2180
2179
2179
2179
2177
2175
2173
2170
2167
2164
2159
2155
2148
2142
2135
2126
2117
2107
2098
2089
2081
2072
2065
2058
2051
2044
2037
2030
2021
2014
2008
2002
1997
1991
1989
1986
1982
1980
1978
1975
1974
1971
1969
1967
1966
1966
1968
1971
1972
1975
1979
1982
1986
1990
1994
1998
2002
2007
2014
2020
2027
2035
2042
2052
2058
2063
2070
2074
2078
2082
2086
2090
2094
2098
2102
2106
2109
2112
2115
2118
2117
2118
2119
2119
2121
2122
2125
2127
2128
2130
2131
2132
2130
2130
2127
2126
2123
2122
2122
2120
2120
2120
2122
2122
2122
2121
2122
2122
2122
2123
2126
2127
2131
2136
2139
2143
2146
2150
2152
2153
2153
2154
2155
2154
2155
2155
2155
2155
2154
2152
2150
2148
2143
2139
2135
2132
2129
2127
2126
2125
2126
2126
2127
2128
2130
2132
2135
2138
2143
2145
2150
2156
2161
2167
2172
2176
2181
2183
2187
2189
2191
2194
2198
2199
2203
2206
2210
2214
2218
2222
2224
2228
2233
2238
2243
2251
2259
2268
2279
2290
2301
2314
2324
2335
2348
2359
2370
2382
2393
2406
2418
2430
2442
2454
2463
2472
2479
2487
2492
2498
2503
2506
2511
2511
2518
2519
2522
2523
2523
2524
2522
2522
2523
2523
2522
2524
2526
2527
2530
2533
2535
2539
2542
2545
2547
2550
2554
2557
2559
2562
2566
2567
2571
2571
2572
2571
2570
2568
2566
2564
2562
2559
2558
2558
2556
2555
2554
2552
2550
2549
2547
2546
2545
2546
2545
2547
2548
2551
2554
2558
2559
2564
2567
2568
2570
2574
2578
2581
2583
2590
2594
2598
2603
2607
2610
2614
2617
2620
2623
2627
2631
2635
2641
2646
2652
2655
2663
2668
2674
2676
2680
2685
2690
2694
2700
2707
2714
2719
2724
2729
2732
2735
2738
2742
2742
2744
2744
2748
2750
2750
2751
2750
2751
2750
2748
2746
2743
2742
2739
2737
2735
2733
2731
2730
2726
2723
2719
2718
2714
2709
2703
2700
2698
2696
2695
2695
2696
2698
2700
2703
2706
2710
2716
2719
2727
2734
2740
2748
2758
2767
2776
2786
2796
2807
2815
2826
2837
2849
2862
2877
2894
2910
2927
2947
2966
2988
3007
3026
3047
3068
3089
3110
3131
3151
3171
3190
3208
3223
3238
3252
3266
3277
3284
3294
3302
3311
3319
3324
3330
3337
3343
3347
3351
3356
3356
3358
3359
3362
3362
3363
3363
3363
3362
3359
3359
3355
3347
3342
3334
3323
3314
3305
3294
3286
3272
3260
3246
3231
3218
3202
3186
3170
3155
3140
3126
3112
3102
3090
3076
3067
3055
3045
3036
3027
3019
3013
3006
3002
2998
2995
2991
2990
2988
2988
2983
2980
2977
2974
2970
2967
2964
2959
2958
2954
2948
2944
2938
2930
2922
2914
2903
2893
2882
2871
2861
2851
2841
2830
2820
2810
2799
2790
2780
2771
2762
2755
2750
2746
2742
2740
2738
2738
2738
2735
2738
2738
2740
2742
2743
2746
2750
2755
2759
2762
2766
2767
2767
2768
2767
2767
2767
2766
2764
2764
2762
2760
2758
2755
2752
2748
2744
2738
2731
2726
2719
2714
2710
2703
2701
2696
2692
2688
2686
2682
2678
2674
2671
2670
2669
2668
2670
2671
2672
2674
2676
2678
2678
2678
2680
2682
2682
2684
2687
2689
2691
2693
2694
2696
2698
2698
2697
2697
2694
2695
2695
2695
2695
2695
2698
2698
2699
2700
2700
2703
2702
2702
2702
2703
2707
2708
2711
2714
2718
2719
2723
2725
2726
2728
2730
2732
2734
2735
2738
2742
2743
2746
2746
2747
2746
2746
2744
2743
2741
2739
2735
2735
2733
2730
2728
2726
2723
2718
2712
2707
2702
2698
2694
2691
2687
2684
2682
2678
2675
2671
2666
2662
2659
2655
2651
2647
2644
2642
2642
2643
2641
2642
2641
2639
2638
2636
2636
2635
2632
2631
2630
2628
2628
2624
2622
2618
2614
2610
2606
2603
2598
2595
2593
2591
2591
2591
2591
2591
2591
2591
2590
2590
2589
2589
2588
2589
2590
2590
2590
2589
2587
2586
2583
2579
2574
2570
2566
2559
2556
2551
2548
2543
2541
2538
2535
2532
2529
2526
2524
2524
2524
2526
2530
2534
2541
2549
2557
2566
2575
2588
2599
2611
2624
2639
2655
2671
2690
2707
2727
2746
2766
2786
2804
2824
2844
2866
2887
2910
2932
2955
2975
2998
3019
3039
3060
3080
3098
3119
3139
3162
3183
3210
3235
3263
3295
3326
3358
3390
3426
3462
3494
3530
3565
3602
3639
3676
3712
3747
3783
3815
3846
3874
3902
3926
3951
3972
3989
4002
4014
4026
4034
4040
4046
4050
4054
4058
4058
4060
4058
4060
4059
4059
4059
4059
4058
4058
4058
4058
4059
4059
4059
4059
4059
4059
4059
4058
4059
4059
4060
4062
4062
4060
4060
4059
4060
4060
4060
4062
4063
4063
4062
4062
4063
4062
4062
4063
4063
4063
4062
4063
4062
4062
4062
4062
4062
4063
4063
4062
4062
4062
4060
4062
4060
4058
4056
4054
4047
4035
4022
4006
3983
3962
3934
3902
3868
3831
3791
3748
3703
3657
3607
3557
3503
3451
3399
3343
3291
3237
3183
3134
3080
3029
2978
2929
2879
2831
2782
2732
2684
2638
2591
2545
2501
2456
2414
2374
2333
2294
2255
2218
2181
2146
2111
2079
2048
2018
1989
1962
1935
1910
1886
1860
1836
1812
1789
1766
1742
1717
1694
1671
1647
1624
1601
1578
1556
1533
1511
1487
1468
1447
1428
1411
1393
1375
1357
1339
1322
1303
1284
1265
1246
1226
1206
1188
1169
1150
1132
1113
1095
1078
1060
1044
1028
1013
1000
988
978
970
964
959
955
951
949
946
943
940
938
934
930
924
920
915
910
906
901
897
893
890
887
886
886
889
893
899
907
915
926
937
949
962
975
987
1000
1013
1026
1038
1051
1064
1076
1086
1096
1103
1109
1112
1114
1114
1112
1109
1103
1095
1086
1075
1063
1047
1030
1010
989
967
943
919
896
872
849
827
806
785
766
748
730
714
699
686
676
668
663
660
661
663
669
676
685
695
707
719
733
747
762
776
792
807
822
835
846
857
865
872
876
879
880
881
880
879
876
874
871
868
863
859
855
852
848
846
846
846
847
851
856
860
865
871
876
881
884
888
890
893
894
896
898
900
902
903
904
905
906
906
906
906
907
910
911
914
917
920
924
927
928
931
934
937
942
947
955
964
974
987
1001
1017
1034
1053
1072
1093
1114
1137
1161
1184
1209
1234
1258
1282
1304
1325
1344
1362
1377
1390
1402
1411
1419
1426
1432
1437
1439
1441
1439
1436
1432
1424
1416
1406
1395
1384
1373
1362
1350
1339
1326
1315
1304
1294
1285
1278
1271
1267
1264
1263
1266
1270
1275
1283
1291
1300
1310
1321
1333
1346
1360
1374
1390
1407
1423
1440
1458
1474
1489
1504
1518
1531
1543
1556
1567
1578
1590
1600
1610
1619
1627
1634
1642
1647
1651
1656
1662
1666
1670
1675
1679
1683
1686
1688
1690
1690
1690
1688
1686
1684
1682
1682
1682
1683
1684
1686
1690
1693
1697
1702
1707
1713
1721
1728
1737
1746
1757
1769
1782
1794
1806
1818
1830
1842
1853
1864
1876
1885
1896
1906
1917
1926
1935
1946
1954
1963
1971
1980
1988
1997
2008
2018
2030
2042
2054
2068
2082
2095
2108
2118
2130
2142
2153
2165
2176
2187
2199
2210
2219
2228
2236
2243
2247
2254
2257
2261
2266
2268
2271
2275
2277
2279
2281
2282
2280
2279
2277
2275
2271
2269
2266
2263
2261
2255
2252
2247
2241
2234
2228
2220
2214
2206
2199
2194
2189
2183
2178
2174
2168
2163
2158
2153
2147
2139
2136
2132
2130
2126
2125
2123
2122
2120
2119
2118
2115
2113
2110
2107
2103
2100
2097
2092
2088
2083
2078
2071
2064
2057
2050
2043
2037
2031
2027
2023
2021
2020
2018
2018
2018
2018
2019
2020
2022
2026
2030
2036
2044
2052
2060
2067
2075
2084
2092
2095
2103
2108
2115
2122
2128
2137
2142
2151
2158
2163
2170
2178
2184
2191
2196
2202
2209
2216
2223
2232
2241
2247
2254
2260
2266
2268
2272
2274
2276
2278
2280
2282
2283
2285
2287
2287
2290
2292
2294
2298
2301
2304
2309
2315
2324
2334
2344
2356
2368
2379
2391
2402
2414
2424
2435
2446
2458
2471
2484
2495
2507
2521
2535
2550
2565
2581
2599
2618
2638
2662
2686
2711
2740
2767
2798
2828
2858
2890
2921
2951
2983
3013
3044
3071
3100
3126
3150
3172
3191
3207
3218
3228
3235
3239
3239
3238
3234
3227
3218
3210
3195
3181
3163
3146
3126
3106
3086
3064
3044
3023
3007
2991
2974
2959
2946
2932
2922
2912
2903
2898
2890
2887
2884
2882
2882
2883
2884
2885
2886
2887
2885
2884
2882
2879
2878
2874
2870
2863
2856
2847
2838
2825
2810
2794
2778
2758
2739
2719
2698
2678
2655
2635
2613
2591
2572
2549
2530
2510
2492
2475
2458
2445
2432
2422
2411
2403
2395
2388
2379
2371
2363
2356
2348
2341
2334
2326
2318
2310
2300
2291
2278
2265
2251
2236
2220
2205
2189
2174
2158
2142
2126
2110
2094
2078
2061
2045
2028
2013
1998
1984
1971
1959
1949
1939
1930
1920
1910
1900
1890
1882
1871
1862
1854
1843
1834
1826
1818
1811
1802
1794
1785
1778
1770
1761
1754
1748
1742
1739
1735
1732
1729
1726
1724
1720
1717
1714
1711
1708
1707
1706
1706
1708
1710
1714
1718
1722
1727
1732
1739
1748
1757
1768
1781
1795
1810
1827
1844
1863
1881
1901
1919
1939
1959
1979
1999
2023
2044
2066
2089
2112
2132
2153
2172
2190
2208
2226
2242
2258
2275
2290
2305
2319
2333
2346
2357
2367
2376
2385
2391
2398
2403
2408
2411
2416
2420
2426
2429
2432
2435
2438
2442
2446
2451
2456
2463
2471
2482
2488
2499
2511
2518
2527
2536
2543
2551
2559
2567
2573
2579
2586
2591
2595
2598
2602
2603
2603
2602
2599
2597
2591
2591
2588
2586
2585
2584
2582
2581
2580
2578
2575
