Sampling rate=500
1865
1873
1881
1889
1895
1902
1909
1915
1921
1925
1930
1937
1941
1945
1948
1952
1954
1957
1959
1960
1960
1961
1963
1963
1963
1961
1961
1960
1959
1957
1954
1952
1949
1948
1944
1941
1937
1935
1931
1925
1921
1919
1915
1911
1906
1901
1897
1891
1887
1880
1875
1871
1865
1860
1854
1848
1843
1837
1831
1825
1819
1815
1808
1802
1797
1791
1785
1779
1772
1765
1761
1755
1749
1744
1737
1732
1727
1720
1712
1709
1703
1698
1693
1688
1683
1677
1672
1668
1661
1657
1654
1649
1645
1640
1636
1632
1628
1624
1621
1616
1614
1611
1608
1604
1600
1599
1596
1593
1590
1587
1585
1584
1580
1577
1576
1574
1572
1569
1566
1565
1565
1562
1560
1558
1557
1556
1552
1553
1552
1549
1547
1547
1545
1542
1541
1543
1541
1540
1539
1537
1536
1536
1537
1536
1536
1537
1536
1536
1537
1540
1541
1541
1544
1546
1549
1552
1555
1562
1568
1574
1582
1591
1601
1612
1625
1643
1659
1680
1700
1724
1750
1776
1809
1843
1877
1915
1953
1995
2039
2081
2128
2175
2222
2272
2319
2368
2415
2463
2511
2556
2601
2645
2687
2727
2765
2802
2836
2869
2898
2926
2951
2973
2993
3013
3028
3042
3054
3063
3070
3075
3078
3080
3080
3079
3075
3071
3065
3057
3049
3041
3030
3019
3008
2995
2981
2968
2955
2940
2926
2911
2896
2880
2864
2848
2832
2816
2800
2784
2768
2750
2732
2715
2699
2681
2664
2645
2628
2608
2590
2572
2553
2533
2513
2493
2473
2451
2431
2409
2387
2364
2341
2318
2293
2272
2246
2222
2197
2171
2147
2122
2097
2070
2046
2022
1998
1973
1948
1925
1901
1880
1857
1837
1816
1797
1777
1759
1744
1727
1712
1697
1684
1669
1661
1651
1641
1633
1625
1620
1615
1611
1608
1607
1605
1605
1605
1609
1612
1616
1620
1625
1632
1637
1645
1653
1661
1670
1680
1688
1697
1706
1718
1728
1739
1748
1759
1769
1778
1789
1799
1808
1817
1827
1834
1843
1852
1860
1867
1874
1881
1888
1892
1897
1904
1906
1911
1914
1917
1918
1921
1923
1924
1925
1925
1925
1924
1924
1924
1922
1921
1919
1917
1914
1909
1908
1905
1903
1899
1895
1892
1886
1884
1880
1875
1872
1867
1862
1858
1851
1849
1844
1838
1835
1829
1824
1819
1815
1809
1805
1800
1795
1791
1785
1779
1776
1771
1766
1761
1757
1752
1747
1744
1736
1733
1729
1724
1720
1715
1712
1707
1702
1696
1694
1691
1685
1681
1677
1674
1670
1665
1663
1660
1657
1653
1651
1648
1645
1643
1639
1637
1635
1633
1632
1629
1627
1625
1621
1621
1620
1619
1617
1616
1613
1614
1613
1611
1609
1608
1608
1607
1605
1603
1604
1603
1601
1600
1600
1600
1597
1597
1596
1594
1593
1594
1593
1592
1592
1592
1592
1589
1591
1591
1591
1591
1592
1592
1592
1593
1593
1597
1599
1601
1603
1606
1611
1614
1618
1623
1632
1639
1648
1657
1669
1682
1697
1712
1731
1752
1775
1799
1826
1856
1886
1919
1953
1991
2032
2072
2114
2157
2202
2247
2293
2339
2386
2433
2479
2525
2569
2613
2655
2695
2735
2773
2809
2844
2875
2905
2933
2959
2982
3003
3022
3039
3053
3066
3076
3084
3090
3095
3097
3097
3097
3096
3093
3088
3081
3073
3065
3056
3045
3035
3024
3011
2997
2984
2971
2956
2940
2926
2911
2896
2880
2864
2848
2832
2816
2799
2782
2765
2748
2731
2713
2696
2677
2659
2641
2623
2604
2584
2565
2545
2524
2503
2483
2462
2440
2418
2395
2372
2350
2326
2302
2279
2256
2231
2208
2183
2160
2133
2110
2085
2064
2040
2017
1994
1972
1952
1929
1909
1889
1872
1853
1836
1820
1803
1790
1776
1763
1751
1741
1731
1722
1712
1708
1702
1697
1693
1690
1689
1689
1689
1691
1693
1696
1699
1704
1708
1713
1722
1729
1737
1745
1754
1763
1772
1780
1791
1803
1813
1824
1832
1843
1853
1864
1873
1881
1893
1904
1912
1921
1929
1937
1945
1952
1959
1965
1973
1979
1984
1989
1993
1997
2001
2004
2006
2008
2011
2013
2013
2014
2014
2014
2013
2013
2011
2009
2007
2007
2004
2001
2000
1995
1993
1989
1985
1982
1978
1973
1969
1966
1962
1958
1954
1949
1944
1939
1934
1930
1925
1919
1916
1912
1907
1901
1897
1891
1887
1881
1877
1870
1865
1862
1857
1853
1848
1843
1838
1833
1828
1824
1818
1814
1810
1805
1801
1797
1793
1788
1784
1779
1776
1770
1765
1763
1760
1756
1752
1749
1745
1743
1739
1736
1732
1728
1724
1724
1721
1719
1716
1713
1712
1709
1706
1705
1702
1699
1697
1696
1696
1693
1691
1689
1688
1686
1685
1683
1680
1679
1679
1677
1676
1673
1672
1672
1670
1668
1667
1667
1667
1665
1664
1664
1663
1661
1663
1663
1663
1663
1661
1665
1665
1665
1667
1669
1671
1673
1675
1677
1682
1687
1691
1697
1703
1709
1717
1728
1737
1748
1763
1778
1796
1815
1835
1857
1883
1909
1939
1969
2001
2037
2075
2112
2152
2192
2233
2275
2318
2362
2404
2449
2492
2535
2576
2616
2657
2695
2732
2767
2801
2832
2861
2891
2916
2941
2962
2982
3000
3016
3029
3040
3050
3057
3064
3068
3071
3072
3071
3068
3065
3060
3054
3047
3038
3030
3020
3009
2998
2986
2974
2961
2948
2934
2921
2906
2891
2877
2863
2848
2832
2817
2801
2787
2771
2755
2738
2724
2708
2691
2675
2659
2641
2624
2608
2589
2571
2555
2537
2517
2498
2479
2459
2438
2417
2397
2377
2355
2333
2311
2288
2266
2243
2220
2198
2175
2152
2129
2106
2084
2061
2038
2017
1997
1976
1956
1936
1917
1900
1882
1864
1850
1836
1821
1809
1797
1786
1776
1767
1760
1749
1745
1740
1737
1733
1731
1729
1729
1729
1731
1733
1734
1737
1744
1749
1755
1761
1768
1776
1783
1791
1797
1807
1816
1825
1835
1845
1854
1863
1872
1880
1888
1898
1907
1916
1923
1931
1937
1945
1952
1956
1963
1968
1973
1977
1981
1984
1987
1989
1992
1992
1995
1995
1995
1995
1994
1993
1992
1990
1988
1986
1984
1981
1977
1975
1971
1968
1961
1959
1955
1952
1946
1942
1937
1933
1927
1923
1919
1913
1908
1904
1898
1893
1888
1882
1877
1873
1867
1861
1856
1851
1846
1840
1834
1831
1825
1819
1813
1810
1804
1800
1795
1789
1785
1780
1776
1769
1767
1761
1757
1753
1748
1744
1739
1735
1731
1726
1721
1717
1713
1708
1703
1701
1697
1693
1688
1685
1681
1678
1673
1671
1668
1664
1661
1658
1655
1653
1651
1648
1644
1643
1641
1638
1636
1633
1632
1629
1628
1624
1624
1623
1621
1620
1619
1617
1616
1614
1613
1611
1611
1611
1609
1608
1608
1608
1607
1606
1604
1605
1605
1605
1605
1604
1605
1604
1605
1604
1605
1607
1608
1609
1611
1612
1613
1616
1617
1621
1624
1628
1632
1637
1643
1648
1656
1667
1677
1688
1701
1716
1732
1748
1769
1793
1817
1843
1872
1904
1934
1968
2005
2044
2082
2123
2164
2206
2249
2293
2336
2380
2424
2466
2508
2549
2590
2628
2667
2703
2737
2770
2801
2830
2857
2881
2905
2926
2945
2961
2976
2989
3000
3008
3015
3021
3025
3026
3027
3025
3024
3018
3013
3008
3000
2992
2982
2972
2961
2949
2937
2925
2913
2899
2885
2871
2857
2841
2827
2812
2797
2782
2766
2751
2736
2720
2703
2688
2672
2656
2638
2622
2605
2588
2570
2553
2536
2518
2499
2481
2462
2443
2423
2402
2384
2363
2341
2320
2299
2277
2256
2232
2209
2187
2165
2142
2119
2096
2073
2049
2026
2005
1984
1962
1940
1919
1900
1879
1859
1842
1825
1808
1792
1776
1761
1749
1736
1723
1714
1705
1696
1688
1681
1675
1670
1665
1663
1662
1661
1661
1662
1661
1665
1669
1673
1677
1680
1688
1694
1701
1708
1715
1724
1733
1741
1749
1760
1768
1777
1786
1795
1804
1813
1821
1831
1840
1849
1857
1864
1872
1880
1885
1893
1899
1905
1910
1915
1919
1923
1928
1931
1933
1936
1936
1939
1940
1941
1941
1941
1941
1940
1938
1937
1936
1934
1932
1929
1926
1923
1918
1916
1913
1909
1905
1901
1897
1893
1889
1883
1880
1876
1872
1867
1863
1859
1852
1849
1845
1840
1836
1831
1826
1821
1815
1812
1808
1803
1798
1794
1789
1785
1778
1776
1772
1768
1763
1759
1754
1749
1744
1741
1737
1733
1729
1725
1720
1715
1713
1709
1706
1701
1697
1696
1689
1687
1685
1680
1677
1674
1672
1669
1665
1663
1662
1659
1656
1654
1653
1649
1648
1647
1645
1644
1643
1641
1640
1638
1635
1635
1635
1633
1632
1631
1629
1628
1627
1627
1626
1625
1624
1623
1621
1620
1619
1620
1619
1618
1617
1617
1616
1616
1616
1616
1616
1615
1614
1613
1615
1616
1616
1616
1617
1618
1617
1621
1623
1625
1628
1632
1635
1637
1643
1649
1657
1664
1673
1682
1693
1704
1720
1737
1754
1774
1796
1819
1844
1873
1903
1934
1968
2002
2037
2075
2115
2155
2196
2237
2279
2320
2361
2404
2445
2485
2525
2564
2601
2637
2673
2706
2737
2768
2796
2821
2846
2868
2889
2907
2923
2938
2951
2961
2969
2977
2981
2985
2987
2987
2985
2983
2979
2974
2968
2960
2952
2943
2933
2922
2912
2899
2887
2873
2860
2847
2832
2818
2803
2789
2772
2759
2743
2727
2711
2696
2680
2664
2646
2631
2615
2598
2581
2564
2546
2528
2510
2493
2475
2456
2437
2417
2397
2376
2357
2336
2315
2294
2272
2250
2229
2206
2184
2161
2138
2115
2092
2071
2049
2026
2003
1981
1959
1940
1919
1899
1880
1859
1845
1825
1809
1793
1779
1763
1752
1739
1728
1717
1708
1699
1692
1687
1681
1676
1673
1670
1667
1668
1669
1669
1672
1675
1677
1680
1687
1693
1699
1705
1712
1720
1728
1735
1745
1754
1764
1773
1783
1792
1800
1810
1820
1829
1840
1848
1857
1865
1873
1881
1891
1897
1905
1912
1919
1925
1930
1937
1941
1946
1950
1954
1957
1959
1962
1965
1968
1969
1969
1969
1970
1970
1968
1969
1968
1968
1965
1963
1961
1959
1955
1953
1950
1947
1944
1940
1937
1933
1927
1925
1922
1917
1913
1909
1904
1900
1894
1891
1888
1882
1877
1873
1868
1863
1857
1853
1849
1844
1840
1835
1829
1824
1818
1814
1810
1805
1800
1796
1792
1784
1781
1777
1773
1768
1764
1760
1753
1751
1747
1744
1739
1736
1731
1728
1723
1721
1718
1714
1712
1709
1705
1703
1699
1698
1696
1693
1691
1689
1687
1685
1683
1683
1681
1680
1678
1677
1675
1673
1673
1672
1671
1669
1669
1669
1668
1665
1665
1665
1664
1664
1663
1663
1660
1661
1660
1660
1660
1659
1659
1657
1659
1659
1659
1659
1659
1659
1661
1661
1662
1663
1664
1666
1665
1669
1672
1674
1677
1681
1684
1686
1693
1699
1705
1712
1720
1729
1737
1749
1763
1777
1793
1810
1829
1849
1873
1899
1925
1954
1985
2017
2051
2085
2123
2161
2200
2240
2281
2321
2361
2403
2445
2485
2525
2565
2604
2641
2677
2713
2747
2779
2809
2838
2865
2889
2914
2935
2954
2972
2987
3000
3012
3022
3031
3037
3042
3044
3046
3045
3045
3042
3038
3033
3026
3019
3011
3002
2992
2982
2970
2960
2948
2936
2923
2909
2896
2881
2869
2855
2840
2825
2811
2797
2782
2767
2752
2737
2722
2706
2691
2675
2659
2644
2627
2610
2593
2577
2560
2542
2524
2507
2488
2468
2451
2431
2412
2392
2372
2352
2331
2310
2288
2267
2247
2225
2204
2183
2161
2140
2120
2099
2080
2059
2040
2019
2002
1984
1968
1950
1935
1918
1905
1893
1880
1869
1857
1848
1839
1831
1825
1818
1813
1809
1804
1803
1802
1802
1802
1804
1805
1809
1813
1816
1821
1827
1834
1839
1848
1856
1863
1872
1880
1887
1897
1906
1916
1925
1934
1944
1952
1961
1970
1979
1987
1994
2002
2011
2019
2025
2032
2037
2041
2049
2053
2057
2061
2065
2067
2071
2074
2075
2077
2079
2080
2078
2080
2080
2078
2077
2075
2073
2071
2070
2067
2064
2060
2057
2052
2050
2045
2040
2036
2032
2025
2021
2016
2011
2005
2000
1992
1988
1981
1976
1969
1963
1956
1952
1945
1939
1931
1925
1917
1913
1905
1901
1894
1888
1880
1875
1871
1864
1858
1852
1846
1840
1835
1831
1825
1820
1813
1809
1805
1800
1796
1792
1788
1781
1779
1775
1771
1767
1763
1757
1757
1753
1749
1747
1744
1739
1739
1736
1733
1731
1729
1726
1724
1723
1721
1719
1717
1716
1713
1713
1712
1709
1709
1707
1704
1704
1703
1701
1701
1699
1697
1695
1696
1693
1692
1691
1689
1687
1688
1687
1685
1685
1683
1683
1682
1681
1680
1680
1680
1680
1678
1678
1678
1676
1679
1680
1680
1680
1683
1683
1685
1687
1687
1692
1696
1699
1701
1709
1715
1722
1730
1739
1749
1762
1776
1792
1808
1827
1847
1871
1894
1921
1949
1979
2011
2045
2080
2117
2153
2192
2231
2272
2311
2351
2392
2431
2471
2511
2549
2586
2622
2656
2691
2724
2755
2784
2811
2837
2861
2883
2903
2921
2936
2952
2965
2976
2984
2991
2996
3000
3003
3003
3002
2999
2996
2992
2985
2978
2970
2961
2952
2941
2930
2919
2906
2894
2881
2867
2854
2840
2824
2811
2796
2781
2766
2751
2735
2720
2704
2688
2672
2656
2640
2624
2608
2592
2575
2556
2541
2523
2505
2488
2469
2451
2433
2414
2395
2375
2355
2336
2315
2294
2273
2251
2231
2209
2188
2167
2144
2123
2101
2080
2057
2036
2016
1995
1975
1955
1936
1915
1898
1880
1863
1847
1829
1817
1802
1789
1777
1765
1755
1745
1737
1729
1721
1715
1712
1707
1704
1702
1700
1699
1701
1702
1704
1708
1712
1714
1721
1728
1733
1740
1745
1755
1763
1771
1780
1789
1797
1808
1816
1825
1835
1843
1851
1861
1871
1879
1888
1893
1904
1911
1918
1925
1931
1938
1944
1948
1954
1958
1962
1967
1970
1972
1975
1976
1979
1981
1981
1981
1983
1983
1982
1982
1981
1979
1977
1977
1975
1972
1971
1968
1965
1963
1960
1957
1952
1951
1947
1943
1939
1936
1931
1929
1925
1921
1917
1913
1907
1904
1900
1896
1892
1888
1883
1879
1874
1870
1865
1860
1856
1851
1847
1843
1838
1832
1829
1824
1820
1815
1810
1805
1802
1797
1793
1788
1782
1779
1776
1771
1767
1763
1757
1755
1751
1747
1744
1741
1736
1733
1728
1726
1724
1721
1719
1716
1712
1712
1709
1708
1706
1705
1701
1701
1701
1700
1698
1697
1696
1696
1696
1696
1694
1693
1691
1691
1692
1691
1690
1689
1687
1688
1688
1687
1687
1686
1684
1685
1685
1684
1683
1683
1681
1683
1683
1681
1681
1681
1680
1682
1683
1683
1683
1684
1685
1685
1688
1689
1692
1694
1696
1700
1703
1707
1712
1716
1723
1731
1740
1749
1760
1770
1786
1801
1818
1837
1857
1878
1904
1931
1959
1988
2020
2052
2087
2121
2160
2196
2233
2273
2312
2351
2390
2429
2468
2505
2544
2580
2616
2650
2683
2715
2746
2774
2801
2827
2851
2872
2892
2910
2926
2941
2953
2964
2973
2981
2985
2990
