Sampling rate=500
2321
2296
2269
2244
2217
2192
2163
2137
2113
2087
2061
2035
2010
1986
1963
1939
1917
1896
1873
1852
1833
1813
1797
1780
1765
1749
1735
1722
1712
1699
1688
1678
1672
1665
1659
1655
1651
1648
1646
1645
1645
1645
1648
1649
1652
1655
1658
1665
1671
1677
1684
1691
1698
1706
1715
1723
1731
1739
1748
1757
1766
1776
1785
1793
1803
1811
1819
1828
1835
1843
1851
1857
1864
1872
1878
1883
1889
1895
1899
1904
1908
1911
1914
1916
1919
1921
1921
1923
1925
1925
1925
1926
1925
1924
1924
1922
1920
1919
1917
1914
1911
1907
1904
1904
1899
1896
1892
1888
1884
1880
1876
1872
1867
1863
1858
1853
1849
1843
1838
1834
1829
1824
1820
1814
1809
1805
1799
1794
1789
1784
1779
1773
1768
1764
1760
1753
1749
1744
1739
1733
1728
1723
1720
1716
1711
1707
1701
1696
1692
1688
1684
1680
1676
1672
1668
1664
1661
1657
1653
1650
1648
1643
1640
1637
1633
1630
1630
1627
1625
1624
1621
1619
1617
1616
1616
1613
1610
1608
1608
1607
1604
1604
1603
1601
1601
1600
1599
1597
1596
1595
1594
1593
1591
1589
1589
1589
1588
1587
1585
1585
1584
1584
1584
1584
1582
1581
1579
1580
1581
1581
1581
1581
1582
1584
1585
1586
1588
1588
1593
1597
1601
1605
1611
1618
1626
1635
1647
1657
1670
1688
1705
1724
1747
1771
1797
1826
1857
1891
1925
1963
2003
2045
2089
2133
2180
2227
2275
2324
2372
2423
2471
2520
2569
2617
2663
2707
2751
2793
2833
2870
2906
2939
2970
2999
3025
3049
3071
3090
3107
3122
3134
3145
3154
3159
3164
3167
3167
3166
3163
3160
3154
3148
3141
3132
3122
3111
3099
3088
3075
3062
3048
3035
3020
3005
2990
2974
2958
2943
2926
2911
2893
2877
2860
2843
2826
2809
2791
2773
2756
2736
2717
2699
2680
2660
2641
2620
2599
2579
2557
2535
2513
2490
2466
2442
2420
2396
2371
2347
2321
2297
2272
2247
2221
2196
2171
2145
2120
2097
2072
2049
2025
2002
1980
1959
1937
1917
1898
1879
1859
1843
1828
1813
1799
1785
1774
1763
1753
1744
1736
1729
1723
1718
1713
1712
1709
1708
1708
1709
1710
1712
1715
1719
1724
1729
1735
1741
1747
1754
1763
1771
1779
1788
1797
1806
1815
1824
1832
1843
1853
1862
1872
1881
1889
1899
1907
1915
1923
1931
1938
1945
1951
1957
1964
1969
1974
1979
1984
1987
1990
1993
1995
1997
2000
2000
2001
2003
2003
2003
2003
2002
2000
2000
1998
1997
1994
1992
1988
1986
1983
1980
1976
1973
1969
1965
1961
1957
1953
1948
1942
1938
1935
1930
1925
1920
1915
1910
1905
1900
1895
1891
1884
1877
1873
1869
1863
1859
1852
1848
1843
1837
1833
1827
1821
1816
1812
1808
1803
1798
1793
1789
1784
1779
1776
1770
1765
1761
1756
1753
1749
1745
1741
1737
1733
1729
1726
1721
1717
1713
1712
1708
1705
1702
1700
1696
1693
1690
1688
1683
1681
1680
1677
1675
1672
1669
1667
1665
1661
1659
1656
1656
1654
1652
1649
1648
1645
1644
1641
1639
1637
1633
1632
1632
1628
1627
1625
1623
1622
1620
1619
1617
1616
1613
1612
1611
1609
1609
1608
1608
1605
1605
1605
1607
1608
1609
1611
1613
1616
1620
1624
1629
1635
1645
1655
1665
1677
1693
1709
1727
1748
1771
1796
1824
1853
1885
1919
1956
1994
2035
2077
2120
2164
2210
2257
2304
2352
2398
2445
2492
2538
2583
2627
2671
2712
2751
2789
2824
2859
2891
2920
2947
2973
2995
3016
3035
3050
3065
3075
3085
3093
3099
3103
3105
3105
3104
3101
3096
3091
3084
3076
3067
3056
3046
3035
3023
3010
2997
2983
2969
2954
2939
2924
2909
2892
2877
2861
2845
2829
2813
2796
2779
2763
2746
2728
2711
2695
2676
2657
2640
2623
2604
2585
2566
2547
2528
2507
2486
2465
2443
2423
2401
2379
2356
2333
2309
2288
2263
2240
2215
2191
2166
2143
2117
2092
2068
2045
2022
1998
1976
1953
1931
1910
1889
1869
1849
1831
1812
1794
1780
1765
1750
1736
1724
1713
1701
1693
1684
1676
1669
1662
1659
1655
1653
1650
1649
1649
1649
1652
1654
1657
1661
1665
1669
1674
1682
1689
1696
1703
1712
1720
1728
1737
1745
1753
1764
1773
1781
1789
1797
1806
1816
1825
1832
1840
1848
1855
1862
1869
1875
1881
1888
1892
1896
1901
1905
1909
1912
1913
1916
1918
1920
1921
1921
1922
1922
1921
1921
1920
1919
1917
1916
1914
1912
1909
1907
1904
1900
1897
1893
1889
1885
1882
1877
1873
1869
1865
1861
1856
1852
1847
1842
1837
1833
1827
1822
1818
1813
1808
1803
1798
1793
1788
1783
1777
1771
1765
1763
1757
1752
1747
1742
1737
1732
1726
1722
1717
1712
1707
1702
1697
1694
1689
1684
1680
1675
1671
1667
1663
1659
1653
1648
1647
1643
1640
1636
1633
1629
1626
1624
1621
1618
1616
1612
1608
1607
1603
1600
1600
1599
1596
1594
1593
1591
1589
1587
1586
1584
1584
1581
1580
1578
1577
1575
1573
1573
1569
1568
1568
1568
1566
1565
1563
1563
1561
1560
1560
1559
1557
1557
1556
1555
1553
1552
1552
1553
1552
1552
1552
1553
1555
1556
1557
1559
1560
1564
1567
1571
1575
1579
1585
1592
1600
1609
1620
1633
1646
1661
1677
1696
1720
1743
1769
1796
1826
1858
1893
1930
1968
2008
2050
2093
2137
2183
2228
2274
2320
2367
2413
2459
2504
2548
2592
2632
2673
2712
2749
2784
2816
2848
2877
2904
2928
2950
2971
2989
3004
3018
3029
3040
3046
3052
3056
3058
3059
3057
3055
3051
3045
3039
3031
3023
3013
3003
2992
2980
2966
2953
2940
2926
2912
2897
2883
2867
2852
2835
2820
2803
2787
2771
2753
2737
2720
2702
2684
2666
2649
2631
2613
2595
2576
2556
2537
2517
2496
2476
2456
2434
2413
2390
2368
2344
2320
2299
2275
2251
2227
2204
2179
2155
2131
2106
2083
2058
2035
2011
1988
1965
1944
1922
1900
1879
1859
1840
1821
1804
1787
1771
1756
1744
1729
1717
1705
1696
1686
1678
1669
1664
1658
1653
1649
1648
1646
1645
1645
1645
1648
1651
1654
1657
1663
1668
1673
1680
1687
1696
1703
1711
1719
1728
1738
1746
1755
1765
1773
1781
1792
1801
1810
1820
1829
1837
1845
1854
1863
1871
1877
1884
1891
1897
1903
1908
1913
1917
1922
1926
1929
1932
1936
1937
1940
1941
1941
1940
1941
1941
1940
1940
1940
1938
1936
1936
1933
1930
1928
1925
1922
1919
1916
1913
1909
1904
1902
1897
1893
1888
1885
1881
1877
1872
1868
1864
1859
1854
1849
1845
1840
1835
1829
1824
1819
1815
1811
1806
1801
1797
1792
1787
1783
1778
1773
1768
1764
1760
1755
1749
1745
1741
1735
1731
1727
1723
1719
1715
1710
1706
1703
1697
1693
1690
1687
1682
1679
1673
1672
1669
1665
1663
1660
1657
1653
1651
1648
1648
1644
1643
1640
1637
1634
1633
1632
1631
1628
1627
1625
1624
1621
1620
1619
1617
1616
1616
1614
1613
1612
1609
1609
1607
1605
1606
1605
1604
1603
1601
1601
1601
1600
1600
1600
1599
1598
1597
1596
1596
1597
1598
1600
1600
1601
1601
1604
1605
1608
1610
1614
1617
1620
1624
1633
1640
1648
1656
1667
1680
1693
1708
1725
1745
1765
1789
1815
1842
1872
1903
1936
1972
2011
2049
2090
2131
2175
2218
2263
2307
2353
2397
2441
2485
2529
2571
2612
2652
2691
2728
2763
2798
2830
2860
2888
2913
2937
2959
2978
2995
3010
3024
3034
3044
3052
3056
3060
3063
3062
3061
3060
3056
3051
3045
3037
3029
3020
3010
2999
2988
2977
2964
2951
2937
2924
2910
2896
2882
2867
2852
2837
2821
2807
2791
2775
2759
2743
2727
2710
2693
2677
2660
2643
2625
2607
2590
2573
2553
2535
2516
2496
2477
2457
2436
2416
2395
2374
2352
2331
2309
2288
2265
2241
2219
2196
2174
2153
2129
2108
2085
2065
2044
2023
2003
1985
1967
1948
1931
1913
1897
1881
1866
1853
1840
1829
1819
1808
1800
1792
1784
1778
1773
1769
1765
1763
1761
1760
1759
1761
1763
1763
1767
1771
1776
1781
1787
1793
1800
1808
1815
1824
1832
1840
1848
1858
1867
1875
1884
1893
1904
1913
1922
1931
1939
1948
1957
1965
1972
1980
1987
1993
2000
2007
2013
2018
2023
2027
2030
2033
2038
2041
2044
2046
2048
2049
2050
2051
2051
2052
2052
2051
2050
2049
2047
2046
2043
2041
2038
2036
2034
2032
2028
2025
2022
2019
2016
2011
2008
2004
2000
1995
1991
1986
1981
1976
1972
1968
1964
1959
1953
1949
1944
1939
1934
1929
1925
1919
1913
1909
1904
1897
1893
1889
1884
1879
1875
1869
1865
1861
1856
1852
1847
1841
1836
1832
1827
1824
1819
1816
1810
1808
1804
1799
1795
1792
1789
1785
1783
1779
1776
1774
1771
1769
1765
1763
1760
1758
1755
1753
1751
1748
1746
1745
1743
1741
1739
1736
1736
1733
1732
1730
1728
1725
1724
1721
1722
1720
1719
1717
1716
1715
1713
1712
1712
1709
1709
1708
1708
1707
1706
1705
1705
1704
1704
1704
1704
1705
1704
1704
1704
1705
1707
1709
1710
1713
1714
1717
1721
1723
1728
1733
1739
1746
1754
1763
1773
1786
1800
1815
1833
1852
1873
1897
1922
1949
1979
2008
2041
2077
2114
2152
2191
2231
2272
2312
2354
2396
2437
2480
2520
2560
2600
2638
2676
2712
2746
2779
2809
2840
2868
2893
2917
2940
2960
2978
2993
3008
3020
3030
3038
3045
3050
3053
3056
3056
3054
3051
3047
3042
3036
3029
3020
3011
3000
2990
2979
2967
2954
2940
2928
2913
2898
2886
2871
2855
2840
2825
2809
2794
2778
2761
2745
2730
2713
2696
2680
2662
2644
2627
2610
2593
2575
2557
2538
2519
2500
2481
2461
2442
2421
2401
2381
2359
2338
2316
2295
2272
2250
2228
2205
2182
2160
2137
2115
2092
2071
2050
2027
2005
1985
1965
1945
1927
1908
1890
1873
1857
1840
1825
1811
1799
1785
1774
1763
1753
1744
1736
1729
1723
1718
1713
1710
1708
1705
1705
1705
1705
1707
1709
1713
1716
1720
1725
1731
1737
1744
1749
1757
1765
1772
1779
1787
1795
1805
1811
1820
1829
1838
1847
1855
1863
1869
1878
1885
1893
1900
1907
1913
1918
1924
1930
1934
1939
1943
1947
1949
1952
1954
1956
1960
1961
1961
1961
1962
1962
1963
1961
1960
1958
1957
1955
1953
1952
1949
1946
1944
1939
1937
1933
1929
1925
1922
1917
1913
1908
1905
1901
1897
1893
1888
1884
1880
1875
1869
1865
1860
1856
1850
1845
1841
1836
1831
1826
1821
1817
1811
1807
1801
1797
1791
1787
1781
1776
1772
1769
1764
1760
1755
1751
1747
1742
1738
1733
1730
1724
1721
1717
1713
1709
1705
1701
1697
1694
1690
1688
1684
1681
1677
1675
1672
1668
1665
1663
1660
1657
1657
1656
1653
1652
1649
1649
1648
1645
1644
1643
1641
1640
1639
1637
1636
1635
1634
1632
1632
1630
1629
1629
1627
1627
1625
1624
1623
1621
1621
1620
1620
1620
1619
1618
1618
1617
1617
1617
1617
1616
1617
1617
1617
1618
1619
1619
1621
1623
1624
1627
1629
1633
1637
1641
1647
1652
1659
1667
1676
1687
1699
1712
1728
1745
1764
1785
1805
1831
1858
1888
1919
1952
1987
2022
2059
2098
2139
2179
2220
2262
2304
2346
2388
2429
2470
2510
2550
2589
2626
2662
2696
2729
2760
2789
2817
2842
2865
2887
2907
2924
2939
2953
2965
2975
2982
2988
2992
2995
2996
2996
2995
2991
2987
2981
2974
2966
2959
2949
2939
2928
2916
2903
2891
2877
2864
2849
2835
2820
2805
2791
2775
2760
2745
2729
2712
2696
2681
2664
2647
2630
2613
2596
2578
2560
2542
2524
2506
2487
2467
2448
2428
2407
2387
2365
2345
2324
2302
2281
2259
2237
2215
2192
2168
2145
2123
2100
2077
2055
2032
2009
1987
1965
1944
1923
1904
1883
1864
1845
1828
1809
1792
1777
1763
1748
1737
1725
1715
1704
1696
1687
1680
1673
1668
1664
1661
1657
1656
1656
1656
1657
1659
1661
1664
1669
1673
1680
1684
1691
1697
1705
1713
1720
1729
1737
1744
1753
1762
1771
1781
1790
1799
1808
1817
1825
1834
1841
1849
1857
1865
1872
1879
1885
1891
1897
1901
1906
1910
1914
1919
1922
1925
1928
1931
1933
1934
1936
1936
1937
1937
1937
1936
1936
1935
1933
1930
1929
1927
1925
1924
1921
1919
1915
1912
1909
1905
1904
1899
1895
1891
1888
1883
1880
1876
1872
1868
1863
1857
1853
1850
1847
1841
1836
1832
1827
1824
1818
1813
1808
1803
1799
1795
1791
1785
1780
1776
1771
1765
1761
1755
1751
1747
1742
1737
1734
1728
1724
1720
1717
1713
1709
1705
1701
1698
1694
1690
1686
1682
1678
1675
1673
1671
1667
1665
1662
1661
1657
1655
1653
1651
1649
1648
1645
1644
1642
1641
1639
1637
1635
1633
1634
1633
1632
1632
1629
1628
1628
1627
1626
1625
1624
1624
1623
1622
1621
1621
1620
1620
1619
1619
1618
1617
1616
1616
1617
1617
1617
1617
1617
1617
1619
1620
1621
1621
1624
1625
1628
1630
1633
1637
1640
1645
1649
1655
1661
1668
1678
1688
1700
1712
1727
1742
1760
1778
1800
1823
1848
1873
1904
1933
1966
2000
2035
2073
2111
2150
2189
2230
2272
2312
2354
2396
2437
2477
2517
2556
2594
2631
2665
2700
2732
2762
2791
2817
2843
2866
2888
2907
2924
2940
2953
2964
2975
2983
2988
2992
2995
2997
2997
2995
2992
2988
2983
2977
2969
2960
2952
2941
2931
2920
2907
2895
2883
2869
2856
2842
2829
2815
2801
2785
2771
2756
2741
2726
2710
2694
2680
2664
2648
2633
2616
2600
2583
2566
2549
2532
2514
2496
2477
2458
2440
2421
2401
2382
2361
2341
2320
2300
2279
2257
2236
2214
2193
2171
2149
2128
2105
2083
2064
2043
2023
2003
1984
1964
1945
1928
1911
1895
1879
1863
1849
1836
1822
1810
1800
1790
1781
1774
1767
1761
1755
1751
1748
1745
1744
1743
1743
1744
1744
1747
1750
1752
1756
1762
1768
1775
1781
1789
1795
1803
1811
1820
1828
1837
1846
1855
1863
1872
1880
1890
1899
1908
1917
1925
1933
1941
1949
1956
1963
1969
1976
1982
1988
1994
1999
2003
2007
2010
2013
2016
2019
2021
2023
2024
2025
2027
2028
2028
2028
2029
2028
2027
2026
2025
2023
2021
2019
2017
2016
2011
2010
2007
2003
2000
1995
1992
1989
1986
1983
1978
1974
1971
1967
1962
1958
1953
1949
1944
1939
1934
1930
1926
1922
1917
1913
1908
1904
1899
1895
1891
1886
1881
1877
1872
1867
1862
1857
1854
1851
1847
1843
1839
1835
1831
1827
1824
1820
1816
1813
1809
1805
1801
1797
1795
1792
1789
1787
1784
1781
1778
1776
1773
1771
1769
1767
1765
1763
1761
1758
1757
1753
1751
1751
1749
1748
1747
1745
1744
1741
1741
1739
1737
1736
1735
1733
1731
1729
1729
1728
1728
1726
1725
1725
1724
1723
1723
1722
1722
1721
1721
1721
1721
1721
1719
