Sampling rate=500
1921
1917
1912
1906
1901
1896
1890
1885
1880
1875
1870
1865
1859
1853
1851
1844
1840
1835
1831
1825
1821
1815
1812
1808
1803
1799
1795
1791
1787
1781
1779
1775
1770
1766
1764
1760
1757
1754
1751
1748
1744
1744
1740
1737
1733
1732
1729
1728
1725
1724
1722
1721
1719
1718
1716
1715
1713
1712
1712
1710
1708
1708
1707
1706
1705
1704
1703
1701
1701
1701
1700
1699
1697
1697
1696
1696
1694
1694
1693
1692
1693
1692
1691
1690
1691
1691
1691
1691
1692
1692
1692
1693
1695
1696
1697
1698
1701
1704
1707
1708
1714
1719
1724
1731
1739
1747
1757
1767
1781
1795
1811
1827
1849
1871
1893
1919
1947
1977
2008
2041
2075
2111
2147
2187
2225
2265
2305
2347
2387
2428
2469
2509
2549
2587
2625
2663
2697
2732
2764
2795
2824
2850
2877
2901
2922
2941
2960
2976
2989
3001
3011
3019
3025
3030
3033
3034
3034
3033
3029
3025
3019
3012
3005
2995
2986
2976
2964
2952
2940
2927
2913
2899
2886
2871
2856
2841
2825
2810
2794
2779
2763
2745
2730
2713
2697
2680
2663
2647
2629
2612
2594
2576
2559
2540
2521
2501
2484
2464
2445
2425
2405
2384
2363
2341
2320
2298
2276
2255
2231
2209
2185
2164
2141
2118
2096
2073
2051
2029
2008
1987
1965
1944
1925
1906
1888
1869
1852
1835
1820
1805
1791
1778
1765
1753
1744
1733
1724
1718
1712
1705
1701
1697
1693
1690
1691
1690
1691
1691
1696
1697
1700
1706
1710
1716
1721
1729
1736
1744
1751
1760
1767
1776
1784
1792
1800
1810
1818
1827
1836
1844
1853
1861
1869
1875
1883
1889
1896
1903
1909
1914
1918
1924
1929
1932
1935
1939
1942
1945
1946
1948
1949
1948
1952
1952
1952
1949
1950
1949
1947
1945
1943
1941
1936
1936
1933
1929
1925
1923
1919
1916
1912
1908
1904
1898
1896
1891
1886
1881
1878
1873
1868
1863
1858
1853
1848
1843
1838
1834
1828
1821
1818
1813
1808
1803
1798
1793
1789
1781
1779
1773
1768
1763
1759
1753
1749
1744
1739
1734
1729
1725
1720
1715
1712
1707
1703
1697
1696
1689
1685
1681
1679
1674
1670
1667
1664
1661
1656
1655
1652
1649
1644
1644
1641
1639
1635
1635
1633
1632
1630
1627
1627
1624
1624
1623
1621
1617
1619
1617
1616
1613
1614
1613
1612
1612
1611
1609
1608
1608
1607
1607
1606
1605
1605
1603
1604
1603
1602
1600
1603
1601
1601
1600
1601
1601
1601
1603
1603
1604
1604
1606
1608
1609
1611
1615
1617
1620
1623
1629
1635
1640
1645
1655
1664
1675
1684
1700
1714
1730
1747
1769
1791
1814
1839
1869
1898
1929
1961
1997
2033
2071
2109
2149
2189
2230
2272
2313
2354
2395
2435
2475
2515
2552
2590
2625
2660
2692
2724
2754
2782
2808
2833
2855
2875
2893
2910
2924
2936
2948
2956
2963
2968
2971
2974
2973
2972
2969
2966
2960
2954
2946
2938
2928
2918
2907
2896
2883
2870
2856
2843
2829
2815
2800
2785
2769
2753
2738
2723
2707
2691
2675
2658
2642
2625
2608
2592
2576
2557
2541
2523
2505
2487
2470
2451
2433
2412
2395
2375
2355
2336
2315
2293
2274
2253
2231
2211
2189
2168
2147
2125
2103
2080
2059
2038
2017
1995
1976
1956
1936
1917
1899
1880
1864
1847
1832
1816
1802
1789
1776
1765
1754
1745
1737
1729
1722
1716
1712
1708
1704
1703
1702
1701
1701
1704
1706
1710
1713
1717
1724
1729
1735
1744
1752
1760
1768
1777
1787
1793
1805
1814
1824
1833
1844
1853
1864
1873
1883
1892
1900
1911
1919
1927
1933
1942
1950
1956
1963
1969
1975
1980
1985
1989
1993
1995
2000
2003
2005
2005
2009
2009
2011
2009
2011
2011
2009
2009
2008
2007
2003
2003
2001
1998
1995
1993
1989
1987
1984
1980
1976
1972
1969
1965
1960
1955
1953
1948
1944
1938
1935
1930
1925
1920
1915
1911
1905
1900
1897
1891
1886
1879
1876
1872
1866
1860
1856
1851
1846
1841
1836
1832
1827
1822
1817
1812
1808
1803
1799
1794
1789
1787
1782
1778
1772
1770
1767
1763
1757
1756
1752
1749
1745
1744
1741
1738
1734
1733
1731
1729
1725
1726
1724
1721
1719
1720
1717
1716
1716
1713
1713
1712
1709
1710
1709
1707
1708
1707
1705
1704
1703
1702
1703
1701
1701
1700
1699
1699
1698
1699
1697
1697
1697
1696
1697
1697
1697
1697
1698
1699
1698
1700
1701
1702
1704
1705
1707
1708
1712
1714
1717
1718
1724
1729
1732
1737
1745
1752
1760
1769
1780
1792
1804
1820
1836
1854
1873
1897
1919
1945
1971
2002
2032
2065
2099
2134
2171
2208
2247
2286
2325
2363
2404
2443
2482
2520
2560
2596
2632
2667
2702
2734
2764
2795
2822
2847
2872
2894
2914
2933
2949
2963
2977
2988
2997
3004
3009
3014
3016
3017
3016
3013
3009
3005
3000
2993
2984
2976
2966
2956
2944
2933
2921
2908
2896
2882
2868
2854
2841
2827
2813
2797
2784
2769
2754
2739
2725
2710
2695
2679
2665
2650
2635
2620
2605
2589
2574
2559
2542
2526
2509
2494
2477
2460
2442
2427
2408
2391
2371
2355
2336
2316
2299
2279
2260
2241
2221
2202
2183
2162
2144
2124
2105
2087
2069
2051
2033
2016
2000
1984
1968
1954
1940
1927
1913
1903
1891
1881
1872
1864
1856
1849
1845
1840
1835
1831
1831
1829
1829
1829
1830
1832
1833
1839
1843
1847
1852
1858
1865
1869
1879
1885
1893
1900
1909
1917
1925
1935
1944
1952
1959
1969
1977
1985
1993
2001
2007
2016
2023
2030
2036
2040
2047
2052
2057
2062
2066
2071
2073
2076
2080
2081
2084
2085
2085
2087
2087
2087
2087
2087
2085
2083
2083
2081
2080
2077
2075
2072
2069
2066
2064
2059
2057
2053
2049
2046
2042
2037
2034
2030
2025
2021
2017
2013
2007
2004
1999
1993
1990
1985
1980
1974
1970
1966
1960
1956
1950
1945
1940
1936
1931
1925
1920
1916
1911
1905
1901
1896
1891
1888
1881
1877
1872
1868
1863
1857
1853
1849
1845
1840
1836
1832
1827
1824
1819
1815
1811
1808
1805
1800
1798
1794
1792
1789
1787
1784
1781
1780
1777
1776
1776
1772
1771
1771
1769
1767
1765
1765
1765
1763
1764
1763
1762
1761
1761
1761
1760
1760
1760
1759
1760
1758
1756
1758
1757
1756
1757
1756
1755
1755
1755
1755
1754
1753
1754
1753
1752
1753
1753
1753
1753
1753
1753
1754
1755
1755
1755
1758
1760
1760
1764
1767
1770
1775
1779
1784
1789
1797
1806
1813
1826
1838
1852
1867
1885
1904
1924
1947
1971
1997
2024
2055
2086
2119
2153
2188
2224
2260
2299
2336
2375
2414
2452
2490
2527
2565
2601
2636
2672
2705
2737
2768
2797
2824
2850
2875
2897
2918
2937
2954
2969
2982
2994
3004
3011
3018
3022
3025
3027
3026
3025
3021
3017
3012
3005
2999
2989
2980
2969
2960
2947
2935
2923
2910
2896
2883
2868
2854
2839
2825
2809
2793
2779
2763
2747
2731
2714
2699
2683
2667
2650
2633
2617
2600
2583
2565
2547
2530
2512
2493
2476
2457
2436
2418
2400
2379
2359
2338
2318
2296
2277
2256
2233
2213
2192
2169
2149
2128
2107
2085
2065
2044
2024
2005
1985
1968
1949
1931
1915
1898
1883
1868
1853
1841
1829
1818
1808
1798
1790
1781
1776
1769
1763
1761
1757
1754
1754
1754
1754
1756
1759
1761
1763
1769
1773
1779
1785
1792
1798
1805
1813
1821
1828
1840
1847
1856
1864
1873
1881
1889
1899
1908
1916
1924
1932
1939
1946
1955
1961
1966
1973
1979
1984
1989
1994
1998
2001
2005
2008
2009
2012
2014
2013
2017
2017
2017
2018
2017
2017
2016
2014
2013
2011
2009
2007
2004
2003
2000
1997
1995
1991
1987
1984
1980
1977
1973
1969
1965
1961
1958
1953
1948
1946
1941
1936
1932
1929
1924
1919
1914
1909
1904
1900
1896
1889
1887
1881
1877
1872
1867
1863
1856
1853
1848
1842
1839
1833
1829
1824
1819
1815
1809
1805
1801
1796
1790
1787
1783
1778
1774
1769
1765
1760
1758
1753
1750
1745
1744
1739
1737
1734
1731
1728
1727
1724
1721
1719
1718
1717
1713
1713
1712
1712
1710
1709
1708
1705
1707
1705
1702
1704
1703
1703
1703
1701
1701
1701
1700
1699
1697
1698
1698
1696
1697
1696
1696
1696
1696
1696
1693
1695
1695
1693
1696
1696
1696
1696
1697
1697
1697
1698
1700
1701
1703
1705
1708
1708
1714
1717
1721
1725
1731
1737
1745
1753
1761
1772
1782
1797
1811
1827
1844
1865
1886
1909
1934
1960
1989
2019
2051
2083
2117
2151
2189
2225
2262
2299
2338
2376
2413
2452
2489
2526
2561
2598
2632
2665
2697
2728
2756
2784
2810
2834
2857
2877
2896
2914
2929
2943
2955
2966
2973
2981
2985
2989
2991
2992
2991
2988
2986
2981
2976
2969
2961
2953
2943
2933
2922
2912
2898
2888
2875
2861
2848
2835
2821
2807
2792
2778
2764
2748
2734
2718
2703
2687
2672
2656
2640
2624
2608
2591
2572
2557
2539
2521
2503
2485
2467
2447
2428
2409
2389
2369
2349
2329
2306
2287
2265
2244
2221
2202
2180
2159
2137
2116
2096
2074
2053
2033
2013
1993
1976
1957
1941
1924
1909
1892
1877
1865
1853
1841
1831
1820
1811
1802
1797
1791
1786
1781
1779
1777
1774
1776
1776
1777
1776
1781
1785
1789
1794
1801
1806
1812
1822
1829
1837
1844
1854
1864
1872
1881
1892
1901
1911
1920
1930
1939
1947
1957
1966
1974
1981
1991
1998
2005
2011
2020
2025
2031
2037
2040
2047
2051
2055
2057
2060
2064
2065
2068
2068
2069
2071
2072
2071
2071
2071
2069
2068
2067
2064
2064
2061
2060
2057
2054
2052
2049
2045
2042
2039
2034
2033
2028
2025
2019
2017
2013
2009
2005
2001
1996
1991
1988
1983
1979
1975
1969
1965
1960
1956
1952
1947
1942
1937
1933
1926
1923
1919
1914
1909
1904
1901
1896
1891
1887
1883
1877
1872
1868
1864
1858
1856
1850
1846
1841
1837
1833
1828
1826
1822
1818
1813
1811
1808
1804
1801
1798
1796
1792
1792
1788
1787
1784
1784
1781
1780
1777
1776
1774
1773
1772
1771
1770
1769
1769
1768
1767
1764
1765
1765
1765
1763
1763
1763
1763
1763
1763
1762
1761
1763
1763
1763
1764
1764
1765
1765
1767
1767
1768
1769
1771
1772
1771
1776
1777
1779
1781
1782
1787
1789
1793
1796
1799
1804
1809
1814
1820
1827
1835
1844
1851
1864
1876
1889
1904
1921
1939
1957
1981
2004
2029
2056
2085
2115
2145
2179
2213
2247
2283
2320
2356
2392
2431
2467
2505
2541
2577
2613
2646
2681
2713
2745
2775
2804
2831
2856
2880
2902
2922
2940
2958
2972
2985
2996
3006
3014
3019
3025
3027
3028
3029
3027
3024
3020
3015
3009
3001
2993
2985
2975
2964
2953
2941
2929
2916
2904
2891
2877
2863
2849
2834
2820
2806
2789
2776
2761
2745
2730
2715
2699
2683
2668
2652
2636
2620
2604
2588
2571
2554
2537
2520
2502
2484
2467
2448
2430
2411
2392
2373
2353
2333
2313
2295
2274
2252
2233
2213
2192
2172
2152
2132
2112
2092
2071
2053
2033
2014
1999
1981
1964
1949
1933
1918
1906
1893
1881
1869
1860
1850
1842
1835
1828
1822
1816
1813
1811
1809
1808
1806
1808
1808
1811
1813
1816
1821
1825
1831
1837
1841
1849
1857
1865
1872
1877
1888
1895
1904
1912
1919
1929
1937
1943
1953
1960
1968
1974
1981
1987
1993
2000
2005
2009
2016
2020
2023
2028
2032
2032
2036
2038
2040
2041
2042
2042
2043
2043
2042
2041
2041
2039
2037
2036
2034
2032
2029
2027
2024
2020
2018
2014
2009
2008
2004
2000
1997
1993
1988
1984
1981
1976
1970
1968
1963
1959
1954
1949
1945
1939
1936
1931
1925
1921
1917
1912
1907
1904
1899
1892
1889
1885
1880
1876
1872
1867
1861
1858
1853
1848
1845
1840
1836
1832
1827
1824
1818
1815
1810
1805
1802
1798
1793
1792
1787
1781
1780
1776
1772
1769
1765
1761
1760
1756
1753
1749
1748
1745
1744
1741
1738
1736
1735
1733
1731
1729
1729
1728
1724
1725
1724
1721
1722
1721
1721
1720
1717
1719
1717
1717
1717
1715
1716
1715
1715
1715
1714
1713
1713
1713
1713
1713
1712
1713
1713
1712
1713
1713
1713
1714
1713
1714
1713
1717
1717
1717
1719
1721
1721
1724
1727
1729
1732
1735
1739
1744
1747
1753
1760
1767
1776
1785
1795
1808
1821
1836
1852
1872
1891
1912
1937
1962
1988
2019
2049
2080
2113
2147
2181
2217
2252
2289
2325
2363
2400
2435
2472
2507
2542
2576
2610
2641
2672
2703
2730
2757
2781
2805
2827
2845
2864
2881
2896
2909
2920
2929
2937
2942
2946
2949
2951
2950
2949
2946
2942
2937
2931
2924
2915
2906
2896
2886
2875
2864
2851
2838
2825
2812
2800
2785
2771
2757
2742
2728
2712
2698
2683
2667
2653
2637
2622
2607
2592
2576
2558
2544
2527
2509
2493
2476
2458
2441
2424
2405
2386
2369
2351
2330
2312
2292
2273
2253
2233
2212
2192
2171
2151
2130
2110
2089
2067
2049
2029
2009
1991
1972
1953
1936
1918
1901
1885
1871
1855
1840
1828
1816
1803
1795
1785
1776
1768
1761
1755
1749
1745
1742
1737
1737
1737
1736
1738
1740
1742
1745
1748
1753
1757
1763
1769
1775
1784
1791
1796
1805
1813
1822
1831
1838
1846
1855
1863
1872
1879
1888
1896
1901
1911
1917
1924
1931
1937
1943
1949
1953
1959
1963
1968
1971
1973
1978
1980
1982
1984
1986
1987
1989
1989
1989
1987
1988
1988
1986
1985
1984
1982
1980
1978
1976
1971
1970
1968
1964
1961
1957
1955
1952
1947
1943
1938
1936
1932
1929
1924
1918
1916
1912
1907
1904
1897
1895
1890
1885
1881
1877
1872
1867
1864
1859
1853
1850
1845
1841
1837
1832
1828
1822
1818
1814
1808
1805
1801
1795
1792
1788
1784
1779
1776
1770
1765
1762
1757
1752
1750
1746
1742
1739
1735
1731
1728
1725
1722
1718
1717
1713
1712
1709
1707
1705
1701
1701
1700
1697
1697
1696
1694
1693
1693
1691
1689
1690
1689
1687
1688
1687
1685
1686
1685
1684
1685
1683
1683
1683
1682
1683
1681
1681
1680
1679
1680
1680
1677
1680
1680
1677
1679
1680
1678
1680
1680
1680
1680
1681
1680
1682
1683
1686
1687
1688
1691
1693
1696
1700
1704
1706
1715
1720
1725
1735
1744
1752
1765
1777
1792
1808
1825
1844
1866
1889
1913
1939
1968
1996
2026
2059
2092
2124
2161
2196
2231
2269
2305
2342
2379
2416
2451
2487
2520
2555
2587
2619
2649
2677
2706
2732
2756
2779
2801
2820
2837
2854
2868
2880
2891
2899
2907
2912
2917
2919
2920
2920
2918
2915
2910
2904
2899
2891
2883
2874
2864
2854
2842
2831
2819
2805
2794
2781
2768
2753
2738
2725
2711
2697
2683
2668
2653
2637
2623
2608
2592
2578
2562
2545
2531
2515
2499
2483
2466
2449
2431
2416
2397
2380
2362
2344
2325
2305
2288
2268
2247
2228
2209
2189
2169
2149
2128
