Sampling rate=500
1956
1970
1986
2004
2020
2031
2040
2042
2039
2035
2032
2031
2034
2044
2056
2074
2089
2101
2110
2113
2110
2102
2092
2079
2071
2069
2072
2078
2091
2103
2115
2123
2126
2122
2116
2108
2099
2090
2087
2090
2097
2108
2119
2130
2136
2136
2130
2119
2106
2091
2078
2070
2068
2071
2079
2090
2098
2104
2106
2102
2095
2083
2070
2060
2054
2052
2056
2063
2072
2082
2086
2085
2076
2062
2044
2023
2006
1990
1980
1976
1978
1983
1991
1996
1999
1999
1996
1991
1982
1977
1976
1980
1992
2006
2023
2040
2055
2063
2063
2058
2048
2034
2020
2007
1999
1996
1999
2005
2013
2018
2020
2018
2010
1998
1983
1967
1957
1950
1950
1954
1963
1971
1979
1984
1983
1978
1967
1954
1939
1928
1920
1920
1923
1930
1940
1951
1959
1962
1960
1954
1946
1937
1931
1930
1935
1946
1960
1978
1995
2011
2019
2024
2024
2020
2015
2012
2012
2018
2028
2043
2061
2076
2090
2098
2099
2094
2086
2074
2062
2052
2048
2050
2053
2060
2067
2072
2072
2068
2055
2041
2024
2008
1998
1991
1993
2000
2014
2031
2046
2059
2070
2075
2078
2078
2078
2083
2091
2105
2122
2140
2162
2179
2191
2200
2198
2191
2180
2168
2157
2148
2146
2147
2152
2159
2164
2166
2164
2156
2143
2127
2110
2095
2086
2079
2079
2083
2090
2095
2099
2098
2090
2079
2065
2051
2040
2032
2031
2038
2050
2063
2078
2091
2098
2099
2092
2082
2070
2058
2046
2038
2036
2038
2042
2048
2050
2050
2044
2035
2022
2008
1998
1989
1988
1994
2004
2019
2034
2049
2057
2062
2057
2050
2038
2028
2017
2013
2014
2021
2030
2042
2052
2058
2058
2054
2046
2032
2021
2011
2007
2006
2012
2023
2035
2048
2055
2060
2060
2056
2050
2043
2038
2039
2047
2061
2078
2098
2116
2132
2142
2144
2142
2135
2125
2117
2108
2104
2106
2110
2115
2119
2122
2119
2109
2094
2076
2054
2035
2019
2011
2008
2011
2018
2027
2034
2040
2038
2034
2027
2019
2012
2007
2008
2015
2026
2040
2054
2066
2071
2071
2063
2052
2038
2023
2010
2003
2001
2004
2011
2022
2028
2031
2031
2028
2019
2010
1999
1995
1994
2001
2015
2034
2057
2079
2097
2110
2118
2121
2120
2117
2115
2114
2117
2124
2132
2142
2147
2150
2144
2131
2113
2091
2067
2043
2025
2012
2004
2002
2004
2007
2008
2007
1998
1988
1974
1962
1949
1944
1941
1946
1955
1970
1982
1994
2001
2003
1998
1990
1981
1972
1967
1967
1975
1987
2004
2019
2034
2044
2050
2048
2041
2031
2020
2011
2006
2004
2007
2010
2015
2019
2019
2012
1999
1983
1965
1948
1935
1930
1928
1934
1947
1961
1975
1989
1997
1999
1998
1995
1990
1988
1991
1999
2015
2031
2054
2074
2090
2103
2110
2113
2110
2107
2106
2109
2117
2129
2143
2162
2178
2194
2203
2207
2206
2198
2191
2185
2181
2182
2188
2198
2207
2216
2222
2222
2214
2196
2176
2153
2128
2107
2091
2078
2071
2068
2068
2066
2062
2054
2040
2026
2010
1996
1987
1983
1988
1997
2010
2026
2040
2050
2055
2055
2050
2043
2035
2030
2028
2033
2042
2056
2073
2086
2098
2105
2106
2100
2094
2087
2083
2082
2087
2095
2110
2125
2138
2149
2152
2150
2143
2131
2118
2108
2099
2098
2102
2111
2123
2135
2146
2150
2150
2145
2136
2127
2118
2113
2114
2121
2133
2146
2159
2171
2178
2179
2176
2170
2158
2150
2143
2143
2149
2159
2172
2183
2194
2199
2199
2194
2181
2167
2152
2141
2130
2126
2124
2127
2130
2130
2127
2119
2106
2089
2070
2054
2041
2034
2035
2042
2053
2066
2078
2087
2088
2083
2074
2059
2044
2031
2018
2012
2012
2015
2023
2027
2030
2028
2021
2009
1993
1976
1960
1948
1939
1935
1934
1932
1929
1922
1910
1892
1868
1842
1815
1790
1771
1758
1752
1754
1761
1771
1782
1791
1798
1802
1806
1810
1816
1830
1848
1874
1903
1936
1970
2001
2026
2044
2054
2059
2058
2056
2055
2055
2060
2068
2078
2089
2098
2100
2098
2090
2077
2063
2050
2038
2031
2032
2038
2049
2060
2069
2075
2076
2072
2062
2046
2031
2015
2006
1999
1998
1999
2004
2007
2007
2003
1995
1981
1969
1957
1949
1947
1954
1966
1984
2006
2028
2050
2065
2074
2078
2078
2076
2072
2072
2076
2085
2095
2107
2114
2119
2120
2113
2099
2082
2061
2041
2025
2014
2011
2012
2015
2024
2030
2034
2034
2029
2020
2012
2006
2002
2006
2015
2028
2046
2064
2082
2092
2100
2101
2095
2090
2081
2075
2074
2078
2089
2102
2116
2129
2139
2143
2143
2136
2127
2119
2112
2110
2114
2121
2130
2142
2153
2160
2159
2154
2143
2127
2111
2094
2082
2074
2073
2076
2079
2084
2084
2080
2070
2054
2035
2014
1995
1978
1967
1960
1958
1959
1959
1956
1950
1938
1920
1900
1879
1860
1846
1838
1836
1839
1849
1860
1871
1878
1883
1884
1882
1880
1882
1884
1892
1907
1927
1950
1974
1994
2007
2015
2016
2012
2002
1992
1984
1979
1980
1983
1991
1999
2006
2007
2003
1994
1980
1960
1942
1924
1911
1902
1899
1900
1903
1905
1905
1902
1892
1882
1869
1858
1852
1850
1856
1870
1890
1913
1935
1959
1976
1991
1999
2003
2007
2012
2020
2031
2051
2072
2095
2116
2134
2142
2146
2142
2134
2123
2108
2095
2088
2083
2084
2083
2083
2079
2071
2058
2036
2010
1983
1958
1935
1918
1910
1907
1910
1917
1922
1926
1928
1927
1926
1924
1922
1926
1938
1954
1978
2003
2031
2058
2079
2095
2105
2106
2104
2100
2098
2096
2099
2107
2116
2124
2132
2134
2130
2120
2106
2086
2063
2044
2029
2019
2014
2011
2012
2013
2010
2004
1990
1972
1954
1934
1918
1904
1898
1899
1906
1916
1930
1940
1948
1953
1954
1952
1950
1950
1954
1964
1982
2002
2023
2046
2064
2078
2084
2080
2074
2062
2051
2040
2034
2028
2029
2031
2032
2031
2027
2015
1999
1978
1956
1934
1916
1905
1901
1903
1912
1924
1935
1944
1950
1951
1951
1947
1946
1947
1951
1964
1982
2002
2023
2044
2061
2071
2076
2075
2067
2060
2054
2051
2052
2059
2067
2076
2086
2090
2090
2082
2069
2054
2036
2019
2007
2001
2002
2006
2015
2026
2034
2039
2041
2039
2035
2029
2027
2030
2040
2055
2075
2098
2120
2142
2158
2167
2171
2168
2164
2158
2154
2152
2156
2163
2174
2180
2186
2186
2180
2168
2151
2132
2115
2101
2090
2085
2086
2092
2099
2106
2107
2106
2098
2087
2074
2060
2050
2046
2049
2058
2071
2086
2102
2115
2125
2127
2126
2120
2114
2111
2108
2110
2116
2126
2135
2142
2143
2139
2127
2110
2086
2060
2037
2018
2005
1995
1991
1991
1992
1992
1986
1977
1965
1950
1935
1922
1914
1912
1917
1927
1942
1956
1970
1979
1983
1982
1975
1967
1962
1958
1959
1966
1974
1986
1999
2007
2012
2011
2000
1986
1970
1951
1935
1924
1918
1916
1918
1922
1926
1924
1919
1910
1896
1882
1870
1859
1855
1859
1869
1886
1903
1922
1941
1956
1967
1975
1980
1988
1999
2015
2040
2066
2098
2132
2164
2191
2213
2225
2232
2232
2230
2226
2219
2218
2219
2222
2226
2227
2223
2216
2202
2183
2161
2138
2117
2100
2091
2090
2094
2102
2111
2122
2127
2130
2130
2127
2121
2118
2119
2124
2134
2150
2168
2186
2199
2207
2208
2202
2187
2169
2150
2131
2116
2102
2095
2090
2086
2078
2067
2052
2032
2007
1979
1954
1927
1908
1893
1884
1881
1877
1873
1868
1857
1843
1826
1806
1790
1776
1771
1771
1780
1794
1813
1834
1854
1870
1882
1890
1895
1901
1908
1916
1931
1950
1972
1996
2015
2031
2040
2042
2038
2026
2014
1999
1989
1983
1980
1982
1987
1991
1994
1992
1984
1971
1954
1937
1920
1907
1900
1899
1903
1913
1922
1928
1934
1932
1927
1919
1906
1896
1887
1886
1890
1901
1914
1930
1946
1960
1967
1972
1975
1978
1979
1987
1999
2018
2043
2071
2102
2130
2155
2175
2188
2196
2200
2203
2204
2209
2218
2230
2244
2258
2269
2275
2275
2269
2254
2238
2219
2200
2186
2176
2168
2167
2167
2167
2165
2157
2143
2126
2103
2083
2060
2042
2031
2024
2023
2027
2028
2028
2023
2014
1999
1981
1963
1946
1934
1928
1929
1936
1950
1967
1983
1998
2010
2018
2020
2022
2026
2031
2039
2053
2070
2086
2102
2113
2117
2114
2100
2079
2055
2029
2003
1980
1962
1948
1939
1931
1924
1913
1899
1882
1860
1839
1818
1802
1792
1790
1795
1806
1820
1836
1852
1865
1871
1877
1881
1884
1890
1901
1915
1935
1958
1983
2007
2023
2035
2038
2035
2026
2014
2003
1995
1991
1990
1996
2003
2011
2017
2018
2014
2005
1993
1980
1970
1962
1963
1970
1984
2006
2026
2045
2062
2075
2083
2088
2089
2091
2095
2105
2116
2132
2150
2167
2182
2192
2194
2190
2180
2167
2150
2138
2129
2126
2127
2130
2135
2139
2140
2134
2124
2110
2091
2074
2060
2050
2047
2050
2059
2071
2084
2095
2103
2104
2102
2098
2094
2093
2096
2102
2117
2134
2154
2174
2189
2200
2205
2205
2200
2195
2188
2183
2184
2190
2199
2210
2216
2220
2218
2207
2191
2170
2143
2120
2098
2082
2070
2063
2063
2063
2065
2064
2059
2053
2044
2034
2028
2026
2028
2038
2055
2073
2093
2110
2120
2123
2119
2111
2098
2083
2070
2061
2057
2058
2061
2066
2070
2071
2068
2061
2046
2031
2018
2007
2003
2004
2013
2026
2044
2061
2076
2088
2095
2098
2098
2098
2100
2106
2117
2132
2151
2174
2191
2207
2218
2222
2215
2207
2196
2186
2178
2173
2172
2176
2182
2186
2188
2182
2172
2155
2135
2111
2086
2066
2050
2040
2034
2034
2033
2031
2028
2019
2006
1990
1974
1960
1951
1948
1951
1962
1976
1994
2008
2021
2027
2029
2026
2020
2012
2008
2010
2015
2027
2043
2058
2073
2084
2091
2090
2086
2079
2071
2063
2063
2066
2076
2087
2100
2114
2123
2126
2123
2115
2103
2088
2075
2066
2059
2058
2061
2065
2067
2066
2061
2050
2033
2014
1994
1976
1962
1954
1951
1956
1963
1972
1977
1980
1978
1970
1959
1946
1936
1930
1930
1934
1943
1958
1971
1983
1991
1994
1992
1986
1978
1970
1965
1966
1972
1984
1998
2012
2024
2031
2034
2026
2014
1998
1982
1969
1958
1952
1951
1956
1963
1967
1971
1971
1967
1961
1951
1944
1942
1947
1956
1974
1996
2021
2044
2063
2079
2087
2090
2087
2082
2077
2074
2075
2079
2085
2091
2094
2094
2087
2074
2054
2029
2005
1980
1961
1950
1944
1947
1954
1961
1970
1975
1978
1975
1972
1967
1965
1967
1974
1987
2006
2028
2051
2072
2090
2102
2108
2110
2110
2108
2109
2113
2121
2130
2140
2151
2155
2154
2146
2128
2106
2079
2054
2030
2009
1997
1991
1991
1994
1998
2000
2001
1997
1991
1984
1976
1975
1978
1987
2003
2020
2040
2060
2074
2084
2088
2087
2083
2077
2075
2076
2083
2097
2114
2135
2155
2170
2179
2183
2179
2170
2156
2143
2130
2120
2113
2107
2103
2098
2088
2074
2055
2031
2007
1981
1958
1942
1935
1938
1947
1964
1982
2002
2020
2034
2046
2054
2060
2068
2079
2094
2115
2140
2169
2199
2223
2246
2262
2271
2274
2272
2270
2266
2267
2268
2271
2278
2283
2283
2276
2266
2247
2223
2194
2166
2139
2117
2099
2087
2082
2078
2074
2068
2060
2046
2028
2010
1992
1978
1971
1970
1976
1989
2006
2022
2039
2051
2059
2063
2063
2064
2065
2071
2082
2100
2120
2143
2167
2187
2202
2210
2212
2209
2206
2197
2193
2191
2197
2202
2208
2215
2218
2214
2206
2186
2164
2138
2113
2085
2063
2047
2038
2028
2022
2014
2003
1988
1969
1948
1926
1908
1892
1884
1884
1890
1903
1918
1932
1946
1954
1956
1954
1948
1942
1938
1936
1940
1950
1965
1978
1990
1999
2006
2004
1999
1992
1983
1978
1974
1978
1986
1999
2011
2023
2031
2034
2030
2017
2001
1984
1967
1955
1946
1944
1947
1955
1960
1966
1967
1966
1960
1951
1943
1937
1935
1939
1951
1968
1990
2014
2033
2049
2060
2066
2062
2059
2054
2051
2051
2054
2060
2066
2074
2074
2071
2062
2043
2020
1993
1966
1943
1922
1909
1902
1902
1902
1903
1905
1903
1898
1891
1886
1880
1880
1887
1903
1923
1950
1980
2011
2038
2061
2077
2088
2094
2097
2100
2108
2115
2126
2140
2151
2159
2163
2158
2146
2126
2100
2071
2042
2015
1992
1974
1961
1950
1940
1930
1915
1898
1878
1854
1833
1816
1804
1803
1807
1821
1839
1862
1883
1903
1918
1932
1938
1944
1951
1960
1974
1990
2012
2034
2055
2074
2085
2089
2084
2073
2058
2040
2023
2008
1997
1989
1984
1976
1970
1957
1938
1914
1887
1854
1823
1798
1775
1763
1758
1758
1766
1775
1783
1792
1798
1802
1807
1814
1826
1843
1867
1898
1933
1972
2012
2050
2082
2108
2129
2146
2158
2171
2186
2204
2227
2249
2271
2293
2308
2316
2316
2310
2298
2279
2262
2247
2235
2225
2222
2222
2222
2219
2214
2204
2191
2174
2158
2143
2134
2132
2138
2152
2170
2191
2212
2232
2245
2255
2262
2266
2266
2270
2276
2287
2300
2316
2330
2342
2346
2344
2335
2319
2296
2274
2251
2231
2214
2202
2193
2186
2175
2163
2147
2124
2098
2070
2043
2020
1999
1989
1986
1990
1998
2006
2017
2020
2023
2022
2021
2018
2020
2027
2040
2058
2083
2112
2142
2170
2194
2213
2224
2234
2240
2247
2253
2263
2278
2295
2311
2326
2338
2343
2339
2329
2313
2294
2274
2254
2241
2232
2228
2229
2231
2235
2233
2230
2222
2211
2199
2190
2183
2182
2187
2198
2212
2228
2242
2254
2259
2260
2257
2250
2244
2242
2240
2247
2258
2274
2288
2303
2314
2318
2312
2303
2287
2269
2249
2232
2219
2211
2203
2197
2190
2180
2166
2147
2124
2100
2072
2051
2036
2028
2026
2034
2046
2061
2073
2085
2093
2098
2095
2095
2097
2102
2109
2124
2141
2162
2180
2198
2207
2212
2210
2199
2187
2174
2159
2148
2142
2138
2138
2135
2130
2119
2101
2077
2047
2015
1982
1950
1924
1903
1888
1877
1870
1864
1858
1847
1835
1822
1808
1799
1794
1798
1808
1829
1854
1883
1912
1939
1962
1980
1993
1999
2006
2012
2020
2030
2043
2059
2075
2086
2091
2090
2080
2063
2042
2018
1994
1973
1958
1946
1943
1942
1942
1942
1939
1933
1925
1914
1902
1895
1892
1896
1905
1921
1941
1962
1982
1994
2004
2007
2006
2003
1998
1997
1999
2010
2024
2040
2058
2074
2086
2092
2092
2088
2079
2072
2064
2061
2062
2069
2079
2088
2095
2100
2098
2091
2078
2063
2047
2035
2025
2022
2024
2031
2041
2051
2059
2063
2062
2056
2047
2039
2034
2034
2036
2046
2060
2075
2088
2097
2100
2097
2087
2071
2055
2038
2026
2014
2010
2011
2014
2020
2019
2016
2009
1993
1976
1956
1938
1926
1915
1912
1914
1920
1928
1934
1937
1937
1932
1924
1916
1909
1906
