Sampling rate=500
1990
1998
2010
2028
2047
2063
2075
2082
2084
2082
2075
2067
2062
2060
2062
2068
2078
2086
2095
2096
2095
2086
2072
2055
2036
2022
2010
2004
2005
2009
2015
2018
2018
2012
2001
1984
1963
1940
1918
1899
1886
1876
1871
1871
1870
1867
1859
1848
1832
1815
1798
1783
1775
1774
1777
1789
1802
1819
1834
1845
1852
1854
1852
1847
1844
1844
1846
1855
1868
1883
1899
1911
1919
1920
1916
1907
1895
1884
1875
1871
1875
1882
1894
1906
1918
1927
1931
1930
1924
1916
1906
1900
1898
1902
1910
1923
1937
1950
1960
1963
1962
1954
1946
1932
1924
1916
1916
1920
1928
1938
1947
1955
1956
1951
1944
1934
1923
1914
1913
1916
1927
1944
1966
1989
2008
2026
2038
2047
2050
2055
2058
2066
2079
2095
2118
2141
2165
2186
2200
2210
2210
2207
2199
2191
2184
2179
2179
2182
2186
2190
2191
2187
2176
2162
2140
2117
2092
2071
2055
2044
2040
2039
2041
2044
2040
2034
2022
2006
1989
1970
1954
1942
1937
1938
1941
1948
1956
1960
1962
1958
1950
1940
1930
1924
1923
1929
1940
1958
1978
1999
2015
2029
2036
2036
2031
2024
2015
2011
2010
2012
2018
2024
2031
2034
2034
2028
2014
1997
1978
1963
1951
1943
1943
1950
1958
1970
1980
1986
1988
1984
1977
1969
1961
1958
1956
1963
1974
1991
2008
2024
2039
2046
2048
2046
2039
2031
2027
2027
2031
2039
2051
2063
2074
2079
2078
2071
2058
2039
2020
2000
1985
1974
1970
1970
1972
1975
1978
1975
1967
1958
1947
1933
1924
1920
1922
1930
1943
1958
1975
1988
1998
1999
1998
1991
1982
1972
1965
1962
1966
1974
1984
1994
2002
2006
2006
1999
1990
1979
1967
1962
1961
1966
1977
1991
2009
2023
2036
2043
2044
2040
2034
2028
2026
2024
2031
2041
2054
2070
2082
2091
2095
2092
2085
2076
2063
2054
2048
2047
2051
2058
2067
2072
2076
2071
2062
2045
2023
2000
1978
1961
1946
1938
1932
1930
1927
1923
1915
1903
1886
1867
1848
1832
1819
1813
1814
1820
1830
1840
1850
1856
1856
1851
1843
1831
1821
1814
1812
1815
1823
1834
1846
1857
1863
1865
1862
1856
1849
1842
1842
1846
1856
1875
1898
1924
1948
1970
1985
1997
2002
2006
2007
2012
2020
2030
2045
2062
2080
2097
2105
2108
2103
2091
2072
2052
2032
2015
2003
1994
1992
1993
1993
1994
1990
1983
1973
1962
1952
1945
1943
1947
1959
1974
1994
2013
2030
2043
2048
2049
2046
2039
2035
2032
2036
2046
2060
2076
2095
2111
2122
2127
2126
2123
2112
2104
2095
2092
2091
2098
2103
2110
2115
2117
2110
2100
2084
2067
2048
2035
2026
2023
2026
2035
2046
2057
2064
2068
2067
2060
2050
2040
2031
2027
2028
2034
2042
2054
2062
2067
2067
2058
2045
2028
2009
1992
1979
1972
1967
1971
1976
1983
1988
1990
1986
1976
1965
1951
1942
1935
1934
1940
1950
1964
1978
1990
1999
1999
1997
1990
1981
1972
1967
1966
1970
1979
1991
2004
2014
2022
2022
2018
2007
1997
1985
1978
1975
1980
1990
2005
2022
2037
2051
2057
2059
2057
2053
2048
2044
2044
2050
2062
2075
2092
2106
2115
2120
2115
2106
2092
2076
2061
2050
2042
2038
2040
2042
2044
2043
2038
2027
2010
1989
1967
1950
1933
1924
1922
1923
1930
1938
1943
1946
1946
1939
1930
1922
1914
1910
1911
1920
1932
1950
1967
1983
1997
2002
2002
1998
1990
1983
1976
1975
1978
1986
1998
2007
2017
2022
2019
2012
2000
1986
1971
1959
1951
1948
1951
1959
1968
1976
1982
1982
1974
1964
1950
1935
1922
1912
1908
1910
1917
1925
1934
1939
1939
1935
1928
1916
1903
1895
1890
1893
1900
1915
1934
1953
1971
1986
1998
2003
2008
2010
2014
2022
2035
2054
2076
2102
2124
2146
2159
2167
2168
2160
2150
2138
2125
2115
2108
2105
2103
2100
2094
2083
2067
2042
2014
1983
1954
1928
1908
1894
1887
1886
1889
1892
1894
1892
1888
1880
1872
1864
1862
1864
1874
1889
1910
1933
1956
1976
1990
1999
2002
2002
1998
1998
1999
2007
2017
2032
2048
2063
2076
2082
2082
2075
2065
2053
2041
2032
2029
2031
2040
2050
2060
2070
2075
2074
2070
2060
2051
2041
2036
2036
2041
2053
2066
2079
2091
2099
2101
2095
2086
2074
2062
2054
2048
2050
2056
2068
2081
2092
2102
2106
2106
2103
2095
2091
2087
2088
2094
2106
2123
2138
2152
2163
2168
2166
2159
2149
2136
2127
2121
2120
2127
2134
2146
2159
2167
2173
2171
2166
2156
2146
2138
2130
2129
2131
2140
2150
2157
2163
2161
2155
2143
2126
2109
2090
2076
2067
2063
2067
2071
2078
2082
2085
2082
2072
2062
2048
2035
2026
2023
2027
2036
2049
2062
2075
2083
2084
2082
2076
2065
2054
2044
2040
2042
2047
2056
2066
2074
2079
2079
2074
2061
2047
2034
2022
2018
2015
2023
2034
2050
2063
2076
2086
2087
2087
2082
2076
2072
2071
2076
2084
2098
2114
2127
2139
2142
2140
2131
2120
2107
2092
2082
2076
2076
2079
2086
2092
2094
2092
2083
2070
2051
2028
2007
1990
1977
1970
1970
1974
1979
1986
1989
1988
1983
1976
1968
1963
1960
1963
1971
1986
2002
2021
2037
2050
2058
2057
2051
2042
2031
2024
2018
2019
2023
2031
2042
2048
2052
2051
2044
2031
2017
1999
1987
1978
1976
1980
1988
1999
2014
2022
2028
2026
2022
2011
2002
1991
1987
1987
1994
2004
2019
2033
2046
2054
2058
2055
2050
2041
2034
2029
2030
2034
2043
2056
2067
2076
2080
2079
2071
2059
2046
2030
2019
2012
2012
2018
2027
2039
2047
2054
2056
2053
2046
2036
2027
2020
2018
2023
2033
2048
2063
2079
2090
2094
2094
2088
2081
2070
2060
2054
2053
2058
2062
2070
2074
2074
2068
2057
2039
2015
1991
1967
1950
1937
1929
1926
1927
1929
1928
1924
1916
1903
1887
1870
1854
1840
1833
1831
1833
1839
1845
1850
1852
1849
1843
1831
1820
1812
1809
1812
1822
1840
1861
1885
1909
1930
1947
1959
1966
1971
1976
1980
1988
1998
2013
2027
2039
2050
2050
2044
2030
2010
1986
1960
1939
1921
1911
1907
1909
1917
1925
1932
1936
1939
1938
1933
1930
1928
1931
1938
1952
1971
1988
2004
2018
2022
2022
2014
2001
1986
1972
1960
1955
1956
1962
1972
1983
1995
2002
2006
2006
2002
1998
1997
2000
2008
2022
2042
2064
2087
2108
2125
2133
2137
2136
2130
2126
2119
2119
2122
2129
2138
2149
2159
2159
2156
2147
2132
2114
2095
2079
2068
2063
2062
2066
2073
2079
2084
2084
2079
2072
2063
2054
2047
2046
2051
2062
2076
2095
2112
2126
2133
2134
2129
2121
2108
2098
2087
2083
2083
2086
2093
2095
2098
2095
2086
2072
2055
2036
2019
2007
1999
1999
2006
2015
2028
2038
2044
2046
2042
2034
2023
2014
2008
2006
2008
2015
2026
2038
2048
2053
2053
2046
2035
2020
2007
1996
1990
1990
1995
2006
2017
2029
2036
2040
2040
2035
2027
2020
2014
2013
2018
2028
2042
2057
2071
2082
2088
2087
2082
2072
2062
2053
2048
2049
2054
2066
2078
2090
2098
2103
2100
2092
2078
2062
2046
2031
2022
2015
2014
2014
2014
2011
2004
1994
1974
1954
1932
1913
1899
1891
1890
1895
1907
1921
1934
1946
1951
1955
1954
1950
1947
1947
1951
1960
1975
1991
2008
2022
2032
2037
2034
2027
2015
2004
1997
1990
1992
1999
2010
2024
2037
2048
2054
2055
2052
2044
2038
2031
2031
2034
2045
2059
2074
2090
2100
2106
2107
2101
2092
2081
2071
2066
2063
2071
2079
2092
2106
2118
2126
2127
2127
2119
2111
2105
2103
2106
2114
2129
2143
2159
2175
2184
2188
2186
2179
2170
2157
2148
2139
2136
2138
2139
2140
2137
2130
2114
2093
2066
2034
2003
1974
1949
1932
1918
1909
1902
1896
1888
1876
1860
1841
1818
1798
1780
1767
1760
1759
1766
1773
1783
1790
1793
1792
1787
1780
1772
1768
1768
1774
1787
1803
1823
1842
1861
1871
1880
1880
1876
1870
1863
1858
1859
1864
1874
1884
1897
1906
1912
1911
1906
1896
1886
1876
1870
1868
1869
1876
1886
1898
1906
1911
1909
1902
1892
1878
1867
1858
1858
1861
1871
1887
1907
1926
1942
1955
1961
1966
1966
1967
1971
1979
1993
2011
2035
2062
2084
2105
2120
2130
2131
2130
2127
2123
2125
2127
2136
2148
2162
2174
2183
2189
2188
2182
2174
2164
2155
2150
2151
2157
2167
2181
2194
2204
2210
2207
2202
2188
2175
2159
2149
2141
2138
2138
2140
2143
2143
2139
2131
2115
2095
2074
2053
2038
2026
2023
2025
2031
2042
2050
2055
2056
2050
2040
2028
2015
2005
1999
1999
2004
2014
2027
2038
2046
2050
2050
2043
2034
2025
2015
2012
2014
2020
2031
2044
2057
2066
2072
2074
2068
2061
2052
2047
2045
2049
2059
2074
2093
2110
2126
2136
2140
2139
2132
2123
2115
2110
2107
2111
2118
2127
2138
2143
2146
2142
2132
2117
2100
2082
2068
2058
2054
2053
2058
2062
2063
2062
2054
2040
2023
2001
1982
1964
1951
1946
1946
1951
1960
1968
1976
1979
1977
1974
1965
1958
1954
1955
1962
1974
1991
2010
2028
2043
2052
2054
2051
2043
2034
2026
2020
2020
2022
2029
2038
2046
2051
2051
2044
2031
2018
2002
1987
1978
1973
1975
1982
1994
2007
2016
2023
2023
2020
2014
2002
1991
1984
1982
1985
1993
2004
2015
2025
2030
2030
2024
2012
1999
1984
1974
1966
1964
1967
1974
1981
1988
1991
1990
1982
1971
1957
1943
1934
1927
1928
1934
1946
1959
1972
1982
1986
1987
1979
1970
1958
1949
1944
1943
1951
1959
1972
1984
1994
2001
2002
1998
1990
1983
1978
1976
1980
1991
2007
2026
2046
2062
2075
2080
2082
2079
2074
2069
2067
2069
2076
2086
2098
2109
2118
2120
2114
2103
2084
2063
2040
2020
2005
1992
1987
1984
1984
1983
1978
1970
1954
1935
1915
1895
1876
1863
1855
1852
1855
1859
1863
1864
1862
1854
1844
1833
1822
1814
1812
1819
1831
1848
1869
1891
1910
1925
1934
1938
1938
1935
1934
1934
1938
1946
1958
1968
1980
1987
1987
1982
1970
1955
1937
1922
1908
1902
1900
1907
1916
1927
1937
1943
1946
1942
1934
1924
1914
1906
1903
1904
1911
1920
1930
1935
1940
1937
1930
1918
1904
1892
1884
1881
1884
1895
1910
1928
1946
1962
1974
1981
1985
1985
1986
1989
1997
2010
2030
2052
2076
2099
2119
2132
2140
2140
2138
2131
2127
2124
2126
2134
2142
2155
2166
2175
2177
2174
2165
2152
2137
2123
2112
2106
2105
2106
2111
2114
2117
2114
2106
2092
2076
2057
2040
2026
2019
2015
2020
2026
2035
2042
2044
2040
2031
2017
1998
1981
1965
1954
1948
1946
1950
1952
1956
1957
1952
1944
1933
1921
1908
1899
1896
1900
1911
1927
1945
1964
1979
1991
1996
1996
1994
1989
1987
1987
1994
2005
2021
2038
2054
2067
2076
2078
2074
2066
2056
2048
2042
2044
2049
2060
2072
2086
2095
2102
2102
2098
2090
2078
2070
2060
2059
2060
2068
2077
2086
2093
2094
2089
2076
2058
2038
2018
2001
1988
1982
1980
1983
1988
1992
1994
1991
1985
1974
1962
1950
1943
1939
1943
1951
1967
1982
1997
2008
2015
2014
2008
1998
1988
1977
1971
1968
1971
1978
1987
1993
1997
1995
1990
1978
1963
1948
1934
1927
1922
1926
1935
1948
1960
1971
1979
1979
1975
1967
1959
1951
1950
1950
1958
1970
1985
1999
2015
2024
2028
2026
2021
2012
2005
2000
1999
2007
2017
2031
2045
2058
2063
2068
2062
2055
2042
2030
2020
2014
2014
2020
2030
2040
2051
2056
2059
2053
2044
2031
2019
2010
2003
2002
2006
2015
2026
2038
2043
2044
2040
2034
2022
2008
1999
1992
1992
1998
2010
2024
2038
2050
2058
2060
2057
2052
2044
2039
2038
2040
2050
2063
2081
2097
2112
2121
2124
2122
2114
2104
2095
2086
2083
2084
2091
2100
2108
2116
2118
2115
2104
2092
2075
2061
2048
2042
2039
2044
2052
2060
2069
2074
2072
2065
2055
2039
2024
2012
2005
2003
2010
2017
2030
2040
2049
2053
2052
2046
2038
2030
2023
2022
2023
2031
2044
2061
2074
2086
2090
2090
2084
2074
2063
2054
2048
2049
2055
2067
2083
2099
2114
2124
2130
2130
2127
2120
2114
2109
2110
2111
2119
2126
2134
2137
2134
2125
2108
2090
2063
2040
2021
2007
1999
1999
2002
2010
2015
2020
2022
2019
2012
2005
2000
1996
1998
2007
2022
2042
2063
2084
2102
2115
2123
2126
2126
2126
2127
2134
2143
2159
2178
2199
2219
2237
2247
2253
2250
2244
2236
2230
2223
2223
2227
2235
2245
2253
2258
2259
2251
2239
2220
2201
2180
2163
2150
2142
2138
2138
2136
2137
2131
2122
2108
2091
2072
2058
2046
2042
2046
2055
2068
2084
2100
2112
2119
2121
2120
2115
2111
2108
2111
2118
2133
2147
2166
2182
2195
2199
2200
2194
2186
2174
2166
2159
2159
2163
2172
2179
2189
2191
2191
2186
2175
2162
2146
2134
2124
2122
2124
2132
2142
2154
2160
2163
2161
2149
2135
2119
2103
2089
2080
2078
2078
2082
2086
2090
2090
2086
2076
2063
2052
2041
2035
2036
2043
2057
2073
2091
2106
2118
2124
2124
2120
2112
2106
2099
2098
2102
2112
2126
2142
2156
2167
2174
2173
2168
2161
2153
2148
2146
2150
2157
2169
2181
2193
2199
2202
2197
2188
2178
2162
2151
2142
2140
2143
2152
2163
2174
2183
2184
2180
2170
2155
2137
2119
2106
2094
2086
2083
2084
2083
2079
2072
2062
2048
2028
2010
1994
1983
1978
1982
1990
2004
2020
2034
2046
2051
2052
2048
2040
2034
2030
2031
2034
2043
2054
2066
2075
2079
2078
2071
2057
2042
2026
2012
2005
2004
2008
2018
2030
2044
2052
2057
2057
2054
2046
2040
2035
2034
2040
2051
2067
2084
2102
2115
2124
2126
2124
2118
2108
2101
2095
2098
2102
2113
2125
2135
2143
2143
2142
2131
2118
2100
2084
2071
2061
2059
2059
2063
2067
2069
2068
2059
2046
2030
2011
1992
1979
1970
1967
1972
1978
1986
1994
1998
1998
1991
1982
1969
1958
1950
1946
1950
1959
1971
1986
1999
2010
2015
2013
2007
1996
1986
1978
1972
1974
1978
1989
1998
2010
2018
2022
2019
2014
2004
1994
1986
1984
1987
1998
2012
2031
2048
2065
2075
2082
2084
2079
2075
2071
2070
2075
2082
2096
2110
2125
2138
2145
2148
2142
2133
2120
2110
2102
2099
2102
2110
2123
2132
2143
2150
2150
2146
2136
2126
2112
2103
2097
2097
2102
2110
2119
2127
2131
2129
2122
2110
2093
2078
2063
2054
2049
2051
2055
2063
2068
2070
2068
2059
2046
2030
2014
1998
1987
1985
1986
1994
2006
2015
2025
2028
2027
2020
2010
1999
1990
1985
1982
1987
1996
2008
2020
2030
2036
2038
2034
2024
2015
2006
2002
2002
2009
2021
2038
2053
2067
2076
2080
2079
2072
2063
2054
2047
2044
2046
2054
2063
2074
2084
2090
2089
