Sampling rate=500
2084
2092
2102
2107
2110
2107
2099
2088
2074
2062
2054
2050
2051
2060
2068
2078
2087
2090
2087
2079
2066
2052
2037
2026
2020
2019
2024
2031
2040
2048
2054
2053
2047
2038
2026
2015
2008
2008
2011
2021
2037
2051
2066
2077
2081
2081
2074
2064
2053
2043
2038
2037
2042
2050
2061
2071
2078
2083
2079
2072
2060
2050
2042
2037
2039
2047
2061
2076
2092
2106
2114
2119
2115
2109
2099
2090
2084
2083
2088
2094
2103
2114
2120
2123
2118
2108
2092
2075
2060
2047
2042
2039
2045
2053
2063
2075
2081
2084
2081
2074
2063
2055
2050
2046
2049
2058
2070
2083
2093
2100
2102
2094
2084
2068
2052
2039
2030
2026
2028
2034
2043
2051
2058
2059
2057
2048
2036
2026
2015
2008
2008
2014
2025
2038
2051
2060
2063
2063
2055
2042
2030
2015
2006
1999
1998
2002
2008
2014
2019
2019
2014
2004
1990
1974
1959
1950
1944
1948
1957
1970
1986
1999
2011
2018
2019
2016
2010
2004
2000
1999
2004
2014
2027
2042
2053
2062
2062
2057
2046
2030
2012
1996
1984
1976
1975
1976
1980
1982
1983
1980
1972
1959
1945
1930
1918
1910
1910
1914
1923
1935
1949
1962
1966
1967
1960
1951
1941
1930
1926
1925
1931
1942
1956
1974
1987
1998
2005
2006
2004
1997
1992
1990
1991
1998
2009
2022
2035
2045
2050
2047
2039
2025
2007
1989
1974
1965
1962
1964
1974
1983
1995
2003
2007
2008
2005
1999
1995
1990
1992
1999
2012
2028
2044
2058
2068
2071
2069
2057
2042
2025
2008
1998
1989
1987
1991
1999
2010
2015
2019
2019
2012
2003
1994
1984
1978
1979
1984
1996
2008
2021
2031
2039
2040
2034
2024
2013
2001
1993
1989
1990
1998
2008
2019
2030
2036
2034
2028
2016
2004
1990
1980
1976
1976
1983
1994
2008
2022
2031
2036
2036
2030
2023
2013
2007
2004
2008
2019
2033
2049
2066
2078
2087
2088
2084
2078
2068
2062
2056
2057
2062
2071
2082
2092
2101
2102
2100
2088
2074
2059
2043
2034
2028
2028
2034
2044
2054
2062
2068
2066
2060
2051
2039
2027
2018
2014
2014
2018
2025
2032
2036
2035
2030
2014
1995
1972
1950
1930
1916
1909
1906
1909
1914
1918
1922
1920
1915
1905
1894
1882
1874
1870
1872
1881
1894
1910
1926
1940
1947
1950
1948
1942
1935
1932
1933
1938
1950
1967
1987
2004
2020
2030
2035
2031
2026
2015
2006
1998
1995
1997
2004
2015
2024
2031
2035
2033
2024
2012
1999
1983
1974
1966
1966
1970
1980
1990
1999
2005
2004
1999
1990
1977
1965
1956
1951
1952
1960
1970
1982
1992
1999
1999
1992
1982
1967
1950
1935
1926
1921
1921
1926
1934
1944
1950
1954
1951
1946
1938
1929
1923
1921
1926
1935
1951
1971
1988
2005
2015
2021
2019
2014
2006
1998
1992
1991
1994
2002
2011
2020
2027
2028
2022
2010
1994
1975
1956
1940
1931
1926
1927
1932
1939
1946
1948
1948
1940
1931
1920
1906
1898
1894
1896
1906
1918
1935
1950
1962
1968
1970
1967
1962
1956
1951
1951
1955
1964
1978
1991
2004
2011
2014
2008
1998
1982
1966
1948
1938
1931
1932
1935
1944
1955
1960
1962
1959
1951
1938
1925
1910
1901
1894
1893
1900
1906
1915
1922
1926
1926
1919
1910
1899
1890
1886
1886
1895
1909
1927
1947
1967
1983
1993
1999
2001
1998
1996
1999
2003
2014
2033
2053
2076
2100
2116
2130
2136
2136
2133
2127
2123
2119
2120
2125
2133
2143
2149
2154
2152
2146
2136
2121
2106
2094
2087
2087
2094
2107
2123
2140
2154
2164
2167
2164
2157
2147
2138
2127
2123
2121
2123
2127
2130
2130
2124
2112
2095
2071
2047
2022
2002
1984
1974
1971
1972
1975
1977
1978
1972
1963
1948
1935
1920
1910
1903
1903
1911
1923
1937
1950
1962
1966
1966
1960
1951
1943
1935
1933
1935
1944
1958
1974
1988
1999
2008
2010
2007
2000
1994
1987
1984
1987
1996
2010
2026
2044
2057
2066
2070
2068
2063
2055
2050
2047
2049
2058
2071
2088
2103
2118
2127
2132
2132
2125
2115
2106
2099
2097
2098
2104
2115
2124
2132
2135
2131
2122
2106
2088
2070
2052
2041
2034
2031
2035
2038
2042
2044
2038
2030
2015
1999
1982
1967
1958
1954
1958
1965
1975
1984
1991
1994
1990
1982
1969
1955
1943
1934
1930
1933
1938
1948
1959
1967
1972
1971
1965
1954
1942
1932
1926
1926
1931
1942
1957
1972
1986
1997
2002
2001
1996
1988
1981
1975
1975
1979
1988
2000
2014
2026
2032
2036
2033
2026
2015
2007
2001
1999
2006
2018
2035
2052
2070
2083
2092
2093
2088
2079
2070
2058
2051
2048
2048
2051
2057
2061
2061
2054
2042
2023
2000
1976
1954
1937
1923
1916
1914
1914
1917
1918
1916
1906
1894
1880
1863
1850
1839
1836
1837
1846
1859
1872
1886
1894
1899
1899
1895
1887
1882
1879
1880
1887
1900
1916
1932
1950
1960
1967
1967
1964
1955
1947
1940
1938
1942
1949
1963
1974
1984
1991
1991
1987
1975
1963
1946
1932
1923
1919
1923
1928
1939
1950
1959
1966
1966
1964
1956
1950
1946
1946
1954
1966
1984
2006
2027
2047
2060
2068
2070
2067
2062
2055
2053
2054
2062
2071
2084
2098
2110
2118
2118
2113
2103
2090
2079
2067
2062
2060
2063
2069
2075
2081
2080
2075
2063
2047
2030
2010
1995
1982
1978
1978
1984
1994
2002
2008
2008
2004
1996
1985
1972
1963
1957
1956
1962
1972
1985
1996
2006
2012
2010
2004
1996
1985
1977
1975
1978
1988
2004
2023
2044
2063
2078
2087
2093
2092
2090
2088
2088
2093
2103
2116
2132
2148
2161
2171
2170
2165
2155
2141
2126
2115
2108
2107
2110
2117
2127
2134
2138
2138
2132
2122
2108
2094
2084
2077
2076
2083
2092
2103
2116
2125
2130
2127
2120
2110
2099
2091
2086
2086
2093
2102
2112
2123
2131
2134
2129
2120
2104
2087
2071
2058
2050
2050
2051
2057
2063
2067
2068
2063
2054
2041
2027
2015
2008
2007
2011
2022
2037
2054
2069
2079
2088
2088
2083
2078
2071
2070
2071
2078
2092
2108
2127
2142
2154
2162
2163
2161
2152
2143
2138
2135
2137
2143
2156
2167
2178
2186
2187
2183
2173
2159
2144
2131
2122
2118
2119
2127
2132
2142
2145
2146
2139
2129
2115
2098
2083
2072
2066
2068
2072
2079
2090
2095
2097
2095
2086
2074
2060
2046
2037
2031
2034
2042
2052
2063
2074
2079
2079
2074
2063
2050
2037
2027
2021
2022
2024
2032
2041
2048
2052
2049
2040
2027
2012
1997
1983
1975
1974
1979
1990
2002
2014
2024
2030
2030
2024
2015
2005
1996
1993
1993
1998
2008
2020
2031
2038
2040
2036
2026
2012
1997
1983
1972
1966
1967
1974
1982
1993
2002
2006
2004
1999
1988
1977
1967
1962
1962
1970
1982
1999
2018
2036
2051
2061
2067
2067
2066
2066
2066
2074
2086
2102
2124
2143
2163
2179
2188
2190
2189
2180
2171
2164
2159
2160
2165
2172
2183
2189
2193
2192
2186
2172
2158
2140
2126
2114
2110
2108
2113
2121
2126
2130
2131
2123
2112
2097
2079
2066
2055
2051
2054
2062
2074
2089
2102
2111
2117
2116
2113
2108
2106
2104
2111
2121
2135
2153
2172
2188
2198
2203
2200
2191
2182
2168
2158
2151
2148
2151
2157
2166
2171
2172
2170
2162
2150
2134
2120
2106
2100
2098
2103
2113
2124
2135
2146
2150
2151
2146
2138
2130
2123
2120
2123
2131
2142
2155
2167
2175
2178
2172
2162
2146
2126
2108
2093
2082
2078
2078
2082
2086
2089
2090
2086
2078
2064
2052
2040
2033
2031
2036
2046
2060
2075
2088
2097
2099
2095
2087
2074
2061
2052
2044
2044
2050
2058
2071
2080
2089
2092
2090
2084
2075
2068
2063
2063
2070
2082
2101
2121
2142
2157
2168
2176
2176
2172
2167
2163
2161
2163
2170
2180
2190
2199
2205
2204
2196
2182
2163
2142
2121
2103
2094
2087
2086
2088
2094
2096
2095
2091
2082
2068
2054
2042
2031
2028
2031
2038
2050
2066
2076
2084
2088
2084
2076
2067
2058
2050
2047
2049
2057
2068
2082
2092
2100
2103
2099
2091
2079
2068
2059
2055
2057
2064
2078
2094
2108
2119
2126
2127
2124
2115
2105
2099
2092
2093
2098
2107
2119
2127
2134
2135
2130
2119
2102
2082
2063
2048
2038
2031
2032
2035
2038
2040
2036
2029
2015
1999
1980
1961
1946
1935
1930
1930
1935
1940
1944
1946
1942
1931
1918
1902
1887
1876
1870
1870
1876
1887
1902
1914
1926
1932
1934
1933
1928
1922
1922
1923
1931
1944
1963
1983
2002
2017
2027
2030
2027
2021
2012
2004
1999
1999
2004
2012
2022
2033
2038
2040
2034
2022
2004
1986
1967
1951
1941
1938
1938
1943
1951
1955
1958
1956
1949
1939
1929
1920
1914
1914
1922
1934
1950
1970
1986
1999
2007
2009
2006
2001
1996
1993
1994
2002
2015
2034
2050
2066
2079
2087
2088
2084
2076
2067
2058
2053
2053
2056
2066
2074
2084
2089
2088
2082
2068
2051
2034
2016
2005
1996
1995
1998
2005
2014
2018
2020
2015
2007
1997
1982
1970
1962
1958
1962
1970
1980
1994
2002
2007
2006
1999
1989
1975
1963
1951
1946
1946
1951
1961
1970
1978
1984
1982
1976
1966
1951
1939
1928
1924
1923
1930
1942
1954
1967
1979
1984
1985
1982
1974
1966
1961
1959
1963
1971
1984
1999
2012
2025
2028
2027
2020
2010
1998
1986
1979
1977
1982
1992
2006
2018
2028
2035
2034
2027
2019
2004
1993
1982
1976
1976
1979
1986
1994
1998
1998
1994
1982
1966
1948
1932
1919
1912
1912
1920
1928
1941
1955
1964
1970
1970
1967
1965
1960
1959
1962
1972
1986
2006
2026
2044
2058
2067
2068
2063
2054
2041
2031
2023
2020
2022
2027
2035
2042
2044
2044
2037
2026
2010
1995
1980
1970
1965
1966
1974
1983
1993
2002
2005
2004
1995
1985
1970
1959
1950
1946
1948
1955
1966
1978
1986
1992
1993
1987
1979
1967
1958
1950
1951
1957
1970
1988
2007
2028
2042
2054
2060
2060
2058
2054
2052
2054
2058
2067
2078
2090
2097
2100
2095
2086
2070
2047
2025
2003
1986
1975
1970
1970
1972
1975
1978
1975
1971
1959
1946
1932
1920
1911
1909
1914
1923
1934
1948
1958
1964
1965
1960
1951
1940
1932
1926
1927
1933
1943
1960
1976
1991
2004
2010
2012
2007
1999
1995
1989
1990
1994
2005
2018
2032
2046
2052
2054
2050
2040
2029
2015
2004
1998
1996
2000
2010
2019
2030
2035
2037
2031
2021
2006
1990
1975
1964
1958
1957
1960
1966
1970
1972
1970
1962
1948
1932
1915
1900
1890
1886
1887
1896
1908
1923
1938
1947
1954
1954
1954
1951
1950
1953
1962
1976
1996
2019
2044
2063
2082
2092
2095
2095
2094
2087
2084
2084
2089
2098
2110
2120
2130
2133
2131
2119
2103
2084
2063
2044
2028
2017
2012
2011
2014
2014
2012
2007
1996
1981
1964
1946
1931
1922
1919
1924
1932
1944
1960
1972
1980
1983
1982
1976
1971
1967
1966
1969
1979
1993
2011
2026
2040
2049
2052
2050
2042
2031
2021
2014
2014
2018
2026
2038
2051
2061
2068
2067
2060
2050
2034
2020
2006
1995
1991
1991
1995
2002
2005
2006
2002
1991
1978
1962
1944
1934
1925
1924
1930
1940
1954
1966
1978
1984
1986
1982
1976
1967
1963
1960
1966
1974
1988
2007
2022
2034
2043
2044
2041
2031
2023
2014
2008
2008
2014
2026
2038
2053
2066
2072
2076
2072
2063
2055
2044
2037
2036
2038
2046
2058
2068
2077
2080
2079
2070
2057
2039
2022
2008
1998
1994
1996
1999
2006
2013
2015
2013
2004
1993
1976
1960
1949
1940
1938
1942
1951
1963
1976
1986
1990
1991
1987
1981
1974
1969
1968
1973
1982
1998
2014
2032
2047
2055
2057
2054
2045
2034
2024
2016
2014
2015
2023
2031
2041
2047
2049
2046
2035
2019
2002
1985
1971
1962
1956
1958
1962
1968
1972
1972
1967
1958
1943
1927
1913
1902
1895
1894
1902
1912
1924
1938
1946
1952
1951
1948
1939
1931
1924
1921
1923
1930
1942
1954
1966
1974
1975
1971
1962
1948
1935
1920
1911
1908
1910
1917
1927
1938
1948
1954
1955
1951
1946
1937
1931
1929
1934
1944
1961
1980
2000
2020
2034
2042
2046
2043
2039
2035
2034
2038
2046
2059
2076
2093
2110
2120
2125
2125
2118
2108
2098
2090
2086
2089
2094
2103
2115
2124
2131
2130
2126
2117
2102
2089
2078
2071
2072
2076
2086
2099
2110
2118
2122
2118
2111
2097
2081
2068
2056
2050
2050
2053
2059
2066
2070
2070
2063
2054
2042
2025
2011
2002
1998
2000
2008
2021
2034
2044
2050
2051
2045
2035
2022
2011
2001
1996
1997
2003
2013
2023
2034
2040
2043
2040
2033
2025
2017
2012
2012
2021
2034
2051
2071
2090
2103
2111
2114
2110
2102
2092
2083
2075
2073
2074
2080
2086
2090
2092
2087
2077
2061
2042
2021
2003
1987
1980
1979
1981
1988
1997
2002
2003
2002
1992
1981
1967
1956
1948
1946
1950
1960
1972
1986
1999
2008
2014
2011
2005
1998
1990
1986
1986
1991
2004
2015
2031
2047
2055
2059
2058
2050
2042
2030
2022
2019
2020
2026
2036
2047
2059
2063
2062
2056
2043
2028
2011
1995
1985
1978
1979
1986
1993
2002
2010
2012
2011
2006
1997
1988
1982
1979
1984
1994
2009
2027
2046
2063
2074
2079
2079
2076
2068
2060
2056
2056
2060
2071
2081
2093
2102
2106
2105
2094
2078
2062
2043
2027
2018
2014
2015
2022
2030
2039
2044
2046
2044
2038
2030
2024
2020
2021
2030
2042
2059
2079
2095
2108
2115
2115
2109
2098
2084
2071
2062
2055
2055
2058
2062
2063
2063
2058
2047
2029
2010
1986
1964
1946
1934
1930
1928
1931
1935
1939
1938
1934
1922
1907
1893
1879
1870
1864
1866
1874
1884
1896
1908
1915
1918
1916
1910
1904
1897
1894
1898
1906
1921
1941
1961
1980
1996
2004
2008
2006
1999
1992
1987
1984
1987
1994
2004
2017
2028
2036
2040
2037
2031
2018
2006
1996
1991
1993
1999
2010
2024
2037
2046
2054
2052
2044
2035
2022
2011
2000
1997
1999
2006
2015
2027
2034
2038
2035
2030
2017
2002
1992
1982
1978
1982
1989
2000
2014
2024
2031
2035
2033
2026
2018
2010
2003
2004
2010
2022
2040
2058
2075
2090
2099
2100
2097
2092
2084
2078
2076
2079
2085
2095
2106
2116
2122
2123
2119
2107
2092
2078
2063
2054
2051
2054
2062
2071
2079
2087
2087
2084
2073
2058
2042
2026
2012
2006
2004
2008
2014
2023
2030
2034
2031
2028
2018
2008
2000
1997
2002
2011
2026
2047
2067
2086
2103
2114
2119
2118
2115
2112
2109
2110
2116
2126
2139
2154
2166
2173
2174
2167
2157
2140
2123
2108
2098
2092
2091
2095
2101
2106
2108
2106
2098
2085
2068
2051
2035
2023
2018
2018
2024
2033
2042
2049
2052
2050
2044
2035
2023
2014
2009
2010
2019
2031
2048
2065
2082
2094
2100
2103
2103
2102
2103
2108
2120
2141
2168
2202
2234
2269
2296
