Sampling rate=500
2240
2241
2241
2242
2241
2241
2241
2241
2241
2241
2241
2242
2243
2243
2245
2245
2248
2250
2253
2256
2261
2267
2274
2281
2289
2301
2310
2323
2336
2348
2361
2375
2387
2400
2412
2425
2435
2448
2457
2467
2476
2483
2490
2496
2502
2506
2510
2512
2515
2517
2517
2518
2517
2518
2517
2516
2514
2513
2511
2508
2506
2505
2504
2502
2501
2500
2499
2498
2497
2496
2496
2493
2494
2493
2493
2493
2494
2495
2497
2498
2503
2505
2510
2512
2517
2521
2524
2526
2528
2531
2532
2534
2534
2535
2535
2533
2532
2529
2528
2525
2523
2520
2518
2515
2513
2510
2509
2507
2504
2501
2499
2498
2495
2494
2492
2491
2490
2488
2487
2485
2484
2483
2483
2480
2479
2476
2475
2473
2472
2472
2468
2469
2467
2466
2464
2463
2461
2458
2455
2451
2448
2443
2441
2436
2434
2430
2428
2424
2421
2417
2416
2412
2411
2409
2408
2407
2406
2405
2405
2405
2403
2404
2404
2404
2405
2404
2405
2406
2408
2409
2413
2417
2421
2425
2430
2436
2441
2448
2454
2461
2467
2473
2480
2485
2491
2497
2501
2507
2510
2514
2517
2521
2523
2526
2527
2529
2531
2531
2531
2529
2529
2526
2525
2521
2519
2514
2512
2505
2503
2499
2496
2493
2489
2486
2482
2480
2476
2474
2471
2468
2465
2464
2462
2460
2459
2458
2458
2457
2456
2456
2457
2457
2458
2459
2461
2464
2466
2469
2471
2475
2480
2482
2485
2488
2492
2496
2499
2503
2505
2510
2513
2516
2520
2524
2528
2530
2532
2537
2539
2544
2547
2551
2554
2558
2563
2566
2571
2573
2577
2581
2585
2588
2592
2595
2598
2601
2605
2607
2609
2611
2611
2610
2609
2608
2606
2604
2600
2598
2595
2592
2587
2585
2580
2577
2575
2571
2567
2563
2561
2560
2557
2555
2555
2554
2553
2553
2553
2553
2552
2553
2552
2552
2552
2549
2548
2545
2541
2536
2531
2523
2516
2507
2497
2488
2477
2468
2457
2449
2440
2433
2425
2418
2411
2403
2397
2390
2384
2376
2369
2361
2353
2345
2336
2326
2317
2307
2297
2288
2279
2270
2261
2253
2247
2238
2233
2226
2221
2215
2212
2208
2201
2197
2191
2187
2184
2179
2176
2171
2168
2164
2161
2157
2155
2151
2148
2144
2142
2137
2136
2129
2129
2125
2121
2117
2112
2107
2100
2096
2089
2084
2078
2073
2068
2064
2061
2057
2055
2052
2051
2050
2049
2049
2049
2051
2051
2052
2052
2054
2053
2056
2056
2057
2058
2058
2058
2057
2059
2060
2060
2061
2062
2064
2065
2064
2064
2064
2064
2063
2061
2059
2056
2053
2049
2045
2040
2036
2032
2025
2021
2017
2011
2005
2001
1995
1990
1985
1982
1977
1973
1968
1965
1960
1956
1952
1947
1942
1937
1932
1927
1921
1917
1912
1906
1899
1896
1889
1885
1881
1876
1872
1869
1867
1865
1864
1863
1862
1861
1861
1861
1861
1862
1863
1864
1865
1865
1869
1871
1875
1879
1881
1886
1888
1894
1898
1904
1908
1914
1920
1925
1931
1936
1942
1945
1953
1957
1963
1968
1972
1977
1980
1987
1992
1996
2001
2005
2009
2010
2015
2016
2018
2021
2023
2025
2026
2028
2027
2028
2029
2027
2027
2027
2025
2024
2021
2019
2017
2016
2013
2010
2008
2006
2003
2001
1997
1996
1992
1989
1987
1981
1977
1973
1970
1964
1960
1954
1947
1941
1935
1928
1920
1913
1907
1900
1893
1885
1880
1873
1868
1862
1856
1852
1843
1840
1832
1828
1824
1816
1813
1807
1801
1797
1790
1786
1781
1774
1771
1767
1761
1758
1755
1751
1749
1748
1744
1743
1741
1740
1739
1739
1737
1738
1739
1739
1742
1744
1744
1747
1750
1749
1753
1756
1758
1761
1763
1767
1769
1774
1777
1780
1785
1789
1794
1799
1804
1808
1813
1820
1825
1833
1840
1848
1856
1864
1873
1881
1892
1900
1910
1919
1928
1938
1947
1956
1964
1973
1980
1987
1993
1999
2004
2009
2011
2016
2017
2019
2021
2021
2021
2020
2019
2018
2016
2012
2006
2003
1998
1993
1988
1981
1976
1969
1964
1959
1952
1948
1940
1936
1930
1927
1921
1917
1915
1912
1909
1906
1904
1903
1900
1898
1897
1896
1894
1891
1890
1889
1886
1883
1878
1876
1872
1868
1863
1856
1853
1849
1844
1840
1837
1834
1830
1831
1829
1828
1828
1828
1829
1830
1829
1833
1836
1837
1841
1845
1848
1853
1857
1860
1864
1867
1872
1874
1879
1883
1888
1892
1898
1905
1909
1918
1925
1933
1941
1950
1959
1968
1976
1986
1995
2004
2011
2021
2029
2035
2043
2047
2053
2059
2064
2068
2071
2076
2078
2081
2085
2087
2088
2091
2092
2091
2095
2094
2096
2096
2096
2097
2098
2097
2097
2095
2093
2089
2086
2082
2076
2071
2063
2057
2051
2043
2035
2027
2019
2009
2002
1993
1986
1977
1971
1965
1960
1953
1946
1944
1942
1938
1936
1933
1933
1932
1933
1934
1936
1940
1941
1945
1947
1953
1956
1960
1964
1968
1973
1975
1981
1985
1991
1995
2000
2005
2009
2016
2020
2024
2028
2031
2033
2035
2039
2040
2041
2043
2042
2043
2043
2043
2043
2042
2042
2043
2043
2044
2045
2048
2049
2053
2056
2059
2061
2064
2067
2069
2073
2077
2080
2084
2088
2091
2096
2100
2105
2108
2112
2117
2121
2125
2129
2133
2136
2140
2144
2145
2148
2150
2152
2152
2152
2153
2151
2151
2149
2147
2145
2144
2141
2138
2136
2133
2129
2126
2121
2120
2117
2114
2112
2108
2109
2108
2105
2107
2107
2108
2110
2112
2113
2117
2120
2124
2128
2133
2139
2143
2147
2150
2156
2160
2163
2167
2168
2172
2175
2176
2177
2177
2178
2177
2177
2176
2174
2174
2173
2172
2171
2171
2172
2175
2178
2183
2187
2195
2203
2211
2221
2232
2243
2255
2267
2279
2291
2303
2314
2326
2336
2347
2356
2366
2375
2384
2392
2398
2407
2413
2422
2428
2435
2441
2448
2453
2459
2465
2471
2476
2482
2488
2495
2499
2507
2512
2518
2523
2528
2533
2537
2540
2544
2545
2547
2548
2549
2548
2546
2544
2541
2538
2533
2529
2523
2517
2512
2507
2501
2495
2490
2485
2480
2473
2469
2463
2459
2454
2450
2446
2441
2438
2434
2431
2426
2424
2420
2417
2412
2409
2404
2400
2396
2391
2387
2381
2377
2373
2368
2362
2357
2350
2344
2337
2329
2323
2315
2308
2300
2292
2283
2274
2265
2256
2246
2235
2227
2218
2209
2201
2192
2184
2178
2171
2166
2161
2157
2153
2147
2145
2142
2140
2138
2136
2134
2133
2131
2129
2128
2126
2125
2123
2120
2120
2117
2116
2113
2112
2109
2108
2105
2101
2101
2098
2096
2092
2089
2086
2083
2079
2077
2075
2071
2069
2067
2064
2060
2057
2053
2051
2049
2044
2043
2041
2038
2036
2034
2032
2029
2026
2024
2021
2019
2016
2013
2011
2008
2005
2001
1999
1995
1992
1988
1984
1981
1977
1973
1971
1968
1965
1962
1961
1959
1957
1956
1955
1955
1953
1953
1955
1955
1955
1957
1960
1960
1964
1965
1968
1968
1972
1974
1976
1978
1977
1980
1980
1982
1983
1982
1983
1980
1980
1977
1975
1971
1969
1966
1963
1960
1956
1954
1951
1950
1949
1947
1946
1944
1946
1944
1947
1949
1950
1953
1956
1959
1962
1967
1969
1973
1977
1981
1986
1990
1996
2000
2009
2015
2023
2029
2040
2049
2057
2067
2076
2088
2097
2108
2120
2131
2141
2153
2163
2174
2184
2192
2202
2210
2217
2225
2231
2236
2241
2246
2251
2252
2256
2258
2259
2260
2260
2260
2258
2259
2257
2257
2256
2256
2253
2252
2252
2249
2247
2243
2243
2239
2237
2235
2231
2228
2225
2223
2219
2215
2211
2205
2202
2197
2193
2188
2185
2181
2177
2173
2169
2165
2161
2157
2153
2147
2144
2139
2133
2128
2123
2117
2110
2105
2097
2093
2085
2080
2072
2065
2060
2052
2047
2041
2036
2032
2025
2021
2016
2012
2007
2002
1997
1993
1989
1984
1982
1980
1976
1975
1972
1970
1968
1968
1966
1964
1965
1965
1965
1965
1965
1965
1964
1964
1964
1962
1962
1961
1957
1957
1955
1953
1952
1950
1949
1945
1946
1945
1944
1944
1941
1940
1937
1936
1936
1933
1932
1931
1930
1926
1925
1923
1921
1919
1917
1914
1912
1910
1907
1906
1904
1904
1902
1900
1899
1896
1896
1893
1892
1889
1888
1888
1885
1884
1880
1880
1876
1877
1876
1875
1874
1873
1873
1873
1873
1873
1876
1877
1879
1881
1883
1885
1886
1889
1889
1893
1895
1898
1901
1902
1905
1905
1908
1908
1908
1908
1906
1905
1904
1902
1898
1899
1897
1896
1896
1894
1895
1896
1896
1898
1898
1901
1904
1904
1908
1909
1914
1917
1921
1925
1929
1934
1939
1944
1949
1954
1958
1965
1973
1980
1986
1993
2000
2007
2014
2020
2029
2036
2043
2049
2057
2065
2073
2081
2089
2097
2104
2112
2117
2125
2129
2137
2141
2147
2152
2157
2161
2164
2168
2171
2173
2176
2177
2180
2180
2183
2185
2185
2186
2186
2188
2185
2187
2187
2185
2184
2181
2179
2175
2172
2166
2163
2158
2153
2148
2141
2135
2129
2123
2117
2109
2102
2095
2088
2082
2075
2069
2062
2056
2049
2043
2036
2028
2022
2016
2009
2003
1997
1992
1985
1980
1972
1968
1963
1957
1952
1944
1941
1935
1932
1927
1923
1920
1916
1913
1908
1907
1901
1900
1897
1896
1894
1893
1892
1890
1890
1891
1891
1892
1893
1893
1893
1893
1896
1896
1896
1899
1899
1901
1901
1904
1904
1905
1905
1907
1906
1908
1909
1908
1911
1912
1912
1914
1913
1914
1913
1915
1915
1912
1912
1912
1911
1909
1909
1908
1904
1904
1903
1900
1898
1896
1891
1890
1889
1884
1884
1882
1880
1880
1876
1877
1876
1875
1875
1874
1874
1872
1875
1875
1876
1877
1877
1879
1878
1880
1880
1881
1880
1882
1881
1883
1883
1884
1885
1885
1887
1888
1889
1892
1892
1894
1896
1897
1899
1901
1904
1904
1904
1903
1904
1904
1902
1901
1900
1897
1896
1894
1892
1891
1889
1888
1888
1888
1888
1888
1888
1889
1891
1893
1896
1899
1900
1906
1908
1915
1917
1925
1928
1935
1940
1946
1952
1957
1965
1973
1979
1989
1997
2005
2014
2025
2035
2046
2057
2069
2081
2093
2106
2117
2131
2141
2155
2165
2176
2186
2194
2203
2210
2217
2222
2228
2232
2237
2240
2244
2246
2247
2249
2249
2249
2248
2247
2244
2241
2240
2235
2233
2230
2226
2223
2218
2214
2209
2205
2200
2195
2192
2187
2183
2178
2175
2171
2165
2160
2155
2149
2141
2137
2131
2123
2117
2108
2100
2092
2083
2073
2064
2055
2046
2036
2026
2017
2008
2000
1991
1983
1976
1966
1960
1953
1946
1940
1932
1928
1923
1917
1913
1909
1905
1901
1897
1893
1889
1888
1883
1881
1879
1876
1874
1872
1872
1868
1868
1866
1865
1863
1862
1859
1857
1856
1852
1851
1850
1846
1845
1844
1842
1840
1839
1835
1834
1834
1832
1832
1832
1832
1833
1834
1835
1836
1836
1837
1837
1837
1839
1836
1836
1835
1835
1835
1835
1833
1832
1831
1831
1828
1828
1827
1825
1821
1822
1820
1817
1817
1816
1812
1812
1809
1807
1805
1802
1801
1797
1797
1795
1793
1793
1792
1793
1793
1793
1793
1794
1792
1794
1793
1796
1797
1795
1797
1797
1799
1798
1798
1797
1796
1794
1791
1790
1787
1786
1784
1782
1781
1779
1776
1776
1772
1769
1768
1765
1762
1760
1760
1757
1755
1753
1753
1751
1753
1752
1753
1753
1755
1756
1757
1760
1761
1766
1769
1773
1778
1781
1787
1792
1796
1803
1808
1815
1821
1829
1836
1844
1852
1862
1872
1882
1891
1902
1913
1924
1936
1948
1961
1972
1986
1998
2012
2025
2036
2049
2060
2070
2080
2088
2096
2101
2109
2113
2117
2121
2124
2125
2126
2126
2125
2126
2126
2125
2125
2126
2125
2128
2128
2128
2128
2129
2128
2128
2128
2126
2126
2125
2123
2121
2119
2117
2115
2111
2109
2106
2102
2098
2094
2090
2087
2081
2077
2072
2068
2062
2057
2053
2047
2041
2036
2030
2023
2019
2013
2008
2003
1997
1993
1988
1984
1978
1975
1969
1968
1964
1960
1957
1953
1953
1949
1948
1947
1944
1944
1943
1941
1941
1940
1940
1937
1939
1937
1938
1937
1939
1937
1937
1937
1936
1936
1933
1935
1934
1934
1934
1933
1933
1933
1933
1933
1933
1932
1932
1931
1930
1931
1928
1930
1929
1928
1929
1928
1927
1926
1925
1923
1923
1923
1921
1920
1920
1921
1919
1921
1921
1921
1922
1921
1923
1923
1926
1928
1931
1936
1938
1943
1946
1951
1954
1960
1965
1970
1976
1980
1987
1993
2000
2004
2009
2016
2019
2024
2029
2032
2036
2038
2042
2045
2049
2051
2056
2058
2059
2064
2067
2069
2072
2073
2077
2080
2081
2084
2085
2088
2089
2090
2091
2092
2090
2091
2090
2089
2087
2086
2085
2083
2083
2082
2083
2084
2084
2085
2085
2088
2092
2094
2098
2102
2107
2111
2119
2125
2131
2138
2145
2152
2158
2166
2172
2179
2188
2196
2205
2212
2222
2229
2240
2249
2258
2268
2278
2288
2297
2309
2320
2331
2341
2351
2362
2371
2380
2389
2397
2404
2411
2416
2421
2425
2429
2431
2433
2435
2435
2435
2435
2433
2432
2431
2429
2427
2426
2426
2425
2426
2427
2426
2427
2425
2427
2425
2426
2425
2425
2424
2421
2419
2417
2413
2409
2405
2401
2395
2391
2384
2380
2375
2369
2365
2360
2355
2350
2346
2343
2339
2336
2331
2328
2324
2321
2320
2317
2315
2312
2309
2307
2304
2302
2299
2296
2291
2289
2286
2283
2280
2277
2273
2271
2267
2263
2257
2256
2251
2249
2245
2243
2240
2235
2233
2231
2227
2226
2222
2221
2219
2216
2213
2209
2209
2206
2203
2202
2200
2197
2195
2193
2191
2188
2185
2181
2179
2175
2175
2173
2169
2168
2167
2165
2164
2161
2160
2157
2157
2156
2154
2153
2151
2152
2151
2151
2152
2151
2151
2151
2152
2152
2153
2152
2155
2155
2156
2158
2157
2159
2160
2158
2158
2157
2153
2152
2149
2144
2141
2138
2133
2128
2123
2116
2109
2104
2096
2089
2083
2075
2071
2065
2060
2056
2051
2049
2048
2044
2043
2041
2041
2041
2042
2043
2045
2048
2049
2053
2056
2059
2062
2066
2069
2072
2075
2077
2081
2083
2086
2088
2089
2091
2090
2091
2090
2089
2088
2088
2087
2087
2087
2087
2088
2088
2092
2094
2096
2101
2107
2112
2120
2126
2134
2144
2152
2162
2171
2183
2193
2205
2217
2229
2240
2251
2264
2275
2288
2297
2309
2320
2330
2340
2347
2357
2364
2370
2375
2379
2383
2384
2386
2386
2386
2385
2384
2381
2376
2373
2368
2364
2358
2355
2351
2347
2343
2339
2336
2333
2331
2329
2325
2324
2322
2320
2318
2316
2313
2311
2310
2307
2305
2301
2297
2292
2287
2281
2276
2267
2262
2256
2247
2240
2232
2224
2214
2205
2195
2184
2175
2163
2153
2144
2132
2123
2112
2101
2091
2082
2073
2063
2055
2048
2040
2034
2027
2024
2021
2019
2017
2016
2017
2018
2020
2022
2024
2029
2032
2037
2041
2046
2050
2053
2058
2062
2065
2068
2071
