Sampling rate=500
2897
2898
2900
2901
2901
2901
2902
2902
2901
2899
2898
2896
2893
2891
2889
2887
2884
2882
2880
2877
2876
2874
2873
2870
2868
2866
2864
2861
2859
2856
2852
2850
2848
2844
2842
2839
2836
2835
2832
2830
2830
2829
2829
2829
2830
2832
2833
2833
2835
2835
2834
2835
2833
2832
2830
2828
2826
2823
2820
2817
2814
2810
2806
2801
2798
2793
2789
2784
2779
2774
2770
2767
2760
2756
2751
2745
2739
2734
2729
2723
2717
2712
2707
2704
2700
2696
2694
2692
2690
2688
2688
2688
2689
2690
2691
2694
2697
2700
2703
2708
2711
2716
2721
2727
2732
2737
2743
2748
2754
2760
2764
2770
2774
2777
2781
2784
2784
2785
2786
2784
2784
2782
2779
2777
2773
2769
2767
2762
2756
2752
2746
2740
2736
2730
2725
2720
2715
2710
2705
2701
2696
2691
2688
2682
2680
2675
2672
2668
2664
2660
2656
2652
2648
2645
2640
2636
2632
2628
2624
2619
2615
2610
2606
2601
2597
2592
2586
2580
2575
2569
2564
2557
2551
2546
2541
2536
2531
2526
2521
2517
2513
2508
2505
2501
2497
2493
2491
2489
2486
2484
2482
2480
2480
2480
2479
2479
2479
2479
2481
2483
2484
2488
2491
2495
2497
2500
2501
2503
2503
2503
2501
2500
2497
2493
2489
2485
2480
2475
2468
2461
2453
2449
2441
2433
2427
2420
2413
2407
2400
2392
2387
2379
2372
2367
2360
2352
2346
2339
2332
2327
2320
2314
2307
2303
2297
2291
2286
2281
2275
2269
2264
2259
2256
2251
2245
2243
2238
2232
2229
2225
2221
2217
2211
2209
2204
2201
2196
2195
2192
2189
2186
2184
2181
2180
2177
2175
2173
2172
2172
2171
2169
2170
2169
2170
2169
2170
2170
2169
2170
2171
2171
2172
2172
2175
2176
2177
2179
2180
2181
2185
2187
2189
2193
2196
2200
2205
2211
2216
2224
2230
2236
2245
2251
2259
2266
2274
2281
2289
2297
2303
2312
2320
2327
2334
2341
2347
2354
2359
2364
2369
2373
2377
2380
2384
2386
2388
2390
2391
2391
2392
2391
2390
2391
2389
2389
2387
2384
2381
2377
2373
2367
2361
2355
2347
2340
2331
2320
2313
2304
2293
2283
2273
2261
2251
2241
2228
2218
2208
2196
2187
2175
2165
2157
2147
2139
2131
2123
2116
2108
2099
2093
2086
2080
2073
2066
2060
2053
2047
2040
2033
2026
2020
2013
2003
1998
1992
1984
1979
1973
1965
1961
1956
1950
1944
1939
1935
1930
1925
1921
1917
1913
1912
1908
1905
1904
1902
1899
1900
1899
1896
1898
1899
1899
1902
1904
1907
1910
1913
1917
1920
1921
1928
1932
1933
1939
1942
1944
1948
1950
1951
1952
1952
1948
1945
1941
1935
1928
1919
1909
1899
1888
1875
1861
1846
1833
1818
1803
1788
1772
1757
1740
1725
1710
1696
1680
1665
1649
1635
1621
1607
1590
1580
1568
1555
1545
1536
1524
1520
1513
1509
1505
1504
1500
1500
1500
1501
1502
1504
1506
1509
1513
1513
1520
1521
1523
1528
1532
1533
1539
1543
1545
1552
1559
1565
1572
1579
1585
1594
1603
1612
1620
1629
1641
1652
1665
1677
1689
1704
1717
1733
1747
1760
1777
1792
1808
1821
1835
1849
1862
1875
1888
1898
1908
1917
1927
1934
1940
1948
1953
1960
1964
1969
1975
1979
1984
1988
1992
1995
2001
2005
2009
2016
2021
2027
2033
2040
2045
2054
2061
2067
2075
2082
2089
2096
2100
2105
2112
2116
2118
2124
2128
2128
2133
2134
2135
2139
2139
2141
2142
2144
2147
2148
2150
2152
2152
2156
2157
2158
2161
2162
2164
2166
2168
2169
2172
2175
2177
2179
2183
2185
2187
2191
2193
2195
2197
2200
2202
2203
2208
2209
2211
2214
2216
2216
2220
2221
2224
2225
2228
2231
2233
2235
2238
2238
2241
2243
2243
2244
2243
2242
2243
2241
2240
2240
2237
2236
2235
2234
2232
2231
2229
2228
2227
2226
2225
2225
2225
2225
2225
2225
2227
2227
2227
2228
2229
2229
2234
2236
2240
2245
2250
2256
2261
2267
2272
2280
2285
2290
2296
2301
2305
2311
2314
2321
2324
2330
2334
2337
2343
2347
2352
2356
2360
2365
2371
2376
2383
2387
2396
2404
2411
2421
2428
2439
2449
2460
2471
2481
2493
2504
2514
2525
2535
2544
2552
2560
2567
2572
2577
2580
2584
2588
2591
2592
2595
2595
2596
2596
2595
2595
2594
2593
2592
2590
2588
2588
2588
2587
2587
2588
2588
2590
2592
2593
2596
2599
2603
2608
2611
2616
2622
2627
2633
2640
2646
2652
2660
2667
2676
2684
2693
2702
2713
2724
2736
2747
2759
2772
2785
2799
2813
2826
2841
2857
2872
2888
2903
2917
2933
2948
2962
2977
2992
3004
3018
3031
3043
3056
3067
3078
3088
3098
3106
3115
3122
3128
3133
3139
3144
3147
3152
3155
3158
3160
3163
3164
3166
3168
3169
3171
3171
3173
3174
3176
3177
3179
3180
3180
3181
3181
3180
3181
3180
3179
3179
3179
3178
3178
3178
3177
3178
3178
3177
3176
3176
3174
3173
3171
3168
3165
3164
3160
3156
3153
3148
3144
3139
3134
3128
3123
3117
3113
3107
3102
3097
3091
3088
3083
3077
3072
3068
3063
3059
3056
3051
3049
3046
3043
3040
3039
3037
3035
3034
3032
3032
3030
3029
3028
3027
3026
3025
3024
3023
3021
3021
3020
3020
3020
3022
3024
3026
3031
3035
3040
3046
3051
3057
3064
3069
3075
3081
3085
3091
3096
3099
3104
3107
3109
3112
3113
3113
3113
3112
3109
3107
3103
3099
3096
3091
3088
3083
3079
3075
3072
3069
3066
3064
3062
3060
3059
3058
3056
3056
3055
3053
3051
3048
3044
3040
3035
3029
3022
3016
3009
3001
2992
2986
2978
2970
2962
2953
2945
2938
2930
2923
2915
2909
2903
2897
2893
2888
2884
2880
2875
2873
2870
2867
2866
2864
2863
2861
2861
2859
2858
2857
2854
2852
2849
2845
2841
2836
2831
2826
2820
2813
2807
2801
2793
2786
2777
2771
2764
2757
2751
2744
2737
2731
2726
2721
2716
2711
2707
2704
2699
2696
2692
2687
2685
2682
2678
2677
2675
2673
2672
2669
2668
2667
2667
2666
2667
2667
2669
2672
2672
2677
2680
2682
2687
2691
2693
2699
2702
2705
2709
2712
2715
2718
2720
2722
2725
2726
2728
2729
2729
2729
2731
2731
2731
2732
2732
2732
2733
2733
2733
2733
2732
2733
2733
2731
2731
2729
2728
2727
2725
2722
2720
2715
2709
2704
2697
2689
2681
2672
2662
2652
2641
2630
2617
2607
2594
2580
2568
2555
2541
2528
2514
2501
2487
2475
2462
2450
2437
2425
2413
2400
2389
2377
2365
2355
2343
2332
2322
2313
2304
2295
2286
2277
2270
2261
2254
2246
2240
2233
2227
2221
2216
2211
2206
2201
2197
2192
2187
2182
2177
2172
2167
2162
2156
2152
2146
2139
2135
2129
2121
2117
2111
2104
2098
2092
2087
2081
2076
2071
2067
2064
2059
2056
2053
2049
2047
2042
2041
2040
2037
2037
2036
2035
2034
2033
2032
2029
2029
2027
2025
2024
2021
2019
2016
2012
2010
2007
2004
2001
1997
1994
1989
1986
1981
1978
1974
1969
1967
1962
1957
1954
1949
1945
1941
1936
1930
1925
1921
1919
1916
1913
1912
1912
1912
1912
1914
1916
1919
1923
1925
1928
1933
1936
1939
1941
1941
1943
1943
1941
1939
1936
1930
1928
1923
1917
1912
1904
1896
1891
1884
1877
1869
1862
1855
1848
1840
1834
1828
1824
1818
1815
1810
1807
1804
1800
1797
1793
1793
1792
1791
1789
1789
1789
1788
1792
1793
1794
1796
1799
1801
1801
1807
1809
1813
1818
1824
1828
1833
1838
1845
1851
1857
1865
1872
1877
1884
1891
1899
1905
1909
1916
1922
1926
1930
1933
1936
1936
1937
1937
1936
1936
1933
1932
1929
1924
1923
1919
1915
1912
1909
1907
1904
1902
1899
1899
1897
1895
1897
1896
1894
1894
1893
1890
1889
1885
1881
1880
1875
1870
1865
1859
1853
1848
1840
1835
1828
1819
1815
1808
1800
1795
1789
1781
1776
1768
1761
1752
1745
1737
1729
1721
1712
1704
1696
1687
1680
1673
1664
1660
1653
1648
1643
1638
1633
1631
1627
1621
1621
1618
1616
1613
1610
1608
1605
1603
1600
1595
1592
1589
1586
1581
1579
1576
1572
1569
1565
1561
1559
1555
1552
1548
1545
1541
1540
1537
1536
1536
1531
1528
1527
1525
1523
1521
1520
1517
1515
1512
1511
1509
1506
1504
1501
1496
1495
1491
1487
1483
1481
1476
1475
1472
1469
1465
1460
1460
1456
1453
1451
1447
1444
1441
1438
1434
1433
1430
1428
1424
1424
1421
1418
1416
1413
1413
1411
1410
1408
1405
1406
1405
1404
1404
1401
1402
1403
1402
1403
1404
1405
1405
1407
1408
1411
1413
1415
1416
1417
1420
1421
1425
1428
1430
1433
1436
1437
1441
1441
1444
1444
1445
1445
1444
1443
1441
1440
1440
1439
1436
1436
1435
1433
1431
1431
1432
1430
1429
1429
1429
1431
1432
1432
1435
1436
1440
1441
1441
1447
1449
1453
1458
1464
1471
1477
1484
1493
1501
1511
1521
1531
1543
1553
1564
1577
1588
1600
1613
1625
1636
1646
1655
1666
1673
1680
1686
1691
1696
1700
1700
1704
1705
1704
1707
1706
1704
1705
1705
1702
1704
1702
1703
1703
1701
1704
1704
1703
1705
1705
1704
1704
1701
1701
1699
1696
1694
1691
1685
1684
1680
1673
1669
1662
1657
1649
1641
1636
1629
1621
1616
1607
1599
1592
1582
1577
1569
1562
1555
1547
1540
1536
1529
1524
1518
1513
1510
1505
1500
1498
1493
1493
1490
1488
1488
1485
1483
1483
1483
1484
1483
1483
1484
1485
1483
1485
1485
1484
1484
1481
1481
1480
1479
1476
1473
1469
1465
1462
1457
1452
1448
1444
1440
1435
1431
1425
1422
1418
1411
1410
1405
1401
1400
1396
1393
1392
1387
1387
1387
1385
1385
1384
1384
1385
1384
1385
1387
1387
1389
1392
1392
1395
1396
1397
1399
1399
1400
1399
1401
1401
1401
1401
1401
1401
1402
1403
1402
1403
1403
1404
1404
1405
1405
1405
1408
1410
1413
1414
1417
1419
1421
1425
1427
1429
1432
1434
1440
1441
1443
1446
1448
1451
1453
1453
1456
1456
1456
1457
1456
1453
1456
1452
1451
1448
1445
1444
1440
1436
1433
1430
1425
1424
1419
1417
1414
1411
1410
1409
1408
1409
1408
1409
1413
1414
1417
1421
1424
1431
1435
1442
1448
1454
1460
1468
1475
1483
1491
1498
1505
1515
1524
1535
1544
1554
1566
1577
1589
1601
1613
1627
1640
1654
1666
1682
1696
1712
1724
1738
1752
1765
1776
1788
1798
1808
1818
1826
1833
1842
1848
1853
1858
1862
1865
1867
1869
1870
1870
1870
1869
1868
1865
1866
1864
1863
1861
1858
1856
1854
1851
1846
1844
1842
1840
1836
1832
1829
1825
1821
1817
1812
1808
1801
1796
1791
1784
1777
1769
1765
1758
1749
1744
1737
1728
1722
1714
1707
1699
1691
1683
1676
1669
1663
1655
1648
1640
1632
1621
1616
1607
1600
1592
1585
1579
1573
1568
1563
1557
1553
1552
1549
1547
1545
1545
1545
1545
1545
1545
1548
1548
1549
1552
1550
1551
1550
1550
1548
1549
1547
1547
1546
1546
1545
1543
1544
1541
1541
1541
1540
1539
1538
1536
1536
1536
1532
1533
1531
1530
1529
1526
1525
1521
1521
1520
1515
1515
1513
1512
1511
1509
1508
1507
1505
1505
1504
1504
1501
1499
1498
1497
1493
1493
1491
1489
1486
1481
1481
1477
1472
1471
1468
1465
1463
1459
1459
1456
1453
1454
1452
1449
1450
1448
1448
1447
1444
1446
1445
1443
1445
1445
1443
1444
1445
1445
1444
1442
1444
1444
1442
1444
1444
1441
1444
1443
1440
1441
1440
1437
1435
1432
1430
1427
1424
1422
1420
1416
1415
1413
1412
1411
1411
1409
1411
1412
1415
1417
1419
1424
1428
1429
1436
1440
1445
1450
1456
1460
1465
1469
1476
1482
1489
1496
1501
1509
1516
1523
1531
1540
1548
1558
1569
1577
1590
1601
1613
1625
1634
1646
1656
1666
1676
1683
1694
1701
1712
1718
1725
1730
1737
1741
1744
1748
1749
1753
1753
1756
1757
1757
1757
1758
1759
1755
1757
1756
1755
1753
1752
1749
1747
1744
1744
1740
1738
1736
1733
1729
1727
1722
1719
1716
1712
1707
1705
1701
1699
1696
1693
1690
1686
1683
1680
1673
1672
1668
1665
1661
1657
1655
1651
1647
1643
1639
1635
1632
1626
1622
1617
1611
1608
1602
1596
1593
1589
1585
1581
1577
1573
1569
1565
1564
1561
1561
1559
1559
1560
1560
1561
1562
1564
1565
1568
1568
1571
1573
1575
1576
1578
1580
1584
1584
1586
1588
1588
1588
1589
1590
1591
1589
1591
1592
1589
1592
1591
1592
1592
1592
1591
1592
1592
1592
1591
1594
1595
1596
1598
1600
1601
1603
1604
1605
1607
1608
1609
1611
1613
1614
1616
1617
1619
1620
1620
1623
1624
1627
1627
1628
1632
1633
1636
1640
1641
1648
1649
1651
1656
1659
1664
1668
1673
1677
1681
1688
1693
1698
1704
1709
1715
1720
1725
1730
1734
1740
1745
1751
1754
1760
1764
1767
1770
1773
1776
1776
1777
1777
1778
1776
1776
1776
1772
1772
1771
1769
1767
1765
1764
1763
1761
1763
1764
1764
1767
1769
1773
1777
1782
1786
1790
1797
1803
1808
1814
1819
1828
1835
1843
1850
1858
1867
1876
1883
1895
1905
1915
1928
1941
1953
1966
1981
1995
2009
2024
2036
2049
2064
2076
2088
2099
2109
2118
2126
2134
2141
2145
2151
2154
2156
2160
2160
2160
2161
2162
2163
2162
2163
2163
2163
2163
2164
2163
2165
2165
2167
2167
2167
2168
2169
2170
2170
2169
2171
2171
2169
2170
2167
2168
2164
2163
2160
2157
2156
2152
2151
2147
2141
2139
2134
2132
2128
2123
2120
2117
2115
2112
2110
2108
2107
2106
2104
2104
2103
2101
2101
2100
2099
2099
2097
2097
2097
2097
2096
2093
2094
2093
2092
2091
2090
2090
2089
2089
2089
2088
2088
2088
2087
2087
2084
2085
2083
2082
2081
2077
2077
2075
2074
2071
2067
2066
2064
2060
2057
2053
2050
2048
2045
2041
2039
2037
2033
2032
2029
2027
2024
2021
2020
2017
2014
2013
2012
2011
2010
2010
2009
2006
2007
2006
2006
2005
2004
2004
2003
2003
2002
2003
2003
2003
2001
2001
2000
2000
1999
1998
1995
1995
1994
1993
1991
1989
1988
1986
1984
1981
1979
1977
1976
1973
1973
1971
1970
1969
1969
1968
1968
1968
1968
1968
1968
1969
1968
1970
1972
1972
1973
1976
1977
1977
1980
1981
1983
1984
1984
1984
1984
1985
1984
1984
1984
1984
1984
1984
1984
1984
1985
1985
1987
1988
1990
1992
1996
1998
2001
2004
2008
2012
2017
2021
2026
2032
2037
2041
2049
2056
2062
2068
2078
2085
2094
2103
2111
2121
2131
2140
2152
2163
2174
2185
2197
2209
2219
2232
2243
2253
2263
2273
2283
2291
2299
2306
2313
2320
2325
2329
2332
2336
2337
2339
2339
2340
2340
2341
2341
2340
2340
2340
2339
2337
2336
2336
2333
2332
2329
2328
2325
2323
2320
2317
2315
2311
2308
2304
2301
2296
2289
2288
2282
2277
2273
2267
2262
2257
2253
2247
