Sampling rate=500
2471
2461
2451
2438
2428
2417
2406
2394
2381
2370
2357
2346
2333
2322
2311
2299
2288
2278
2268
2257
2249
2241
2233
2225
2219
2213
2208
2202
2199
2196
2192
2190
2189
2189
2189
2189
2192
2192
2194
2196
2197
2201
2203
2205
2208
2210
2212
2214
2216
2217
2217
2219
2216
2217
2216
2215
2212
2209
2206
2205
2201
2200
2198
2197
2195
2193
2193
2193
2193
2192
2194
2195
2197
2200
2204
2208
2211
2217
2220
2225
2229
2235
2241
2247
2252
2259
2265
2273
2281
2288
2295
2304
2309
2320
2327
2334
2341
2349
2357
2364
2369
2377
2384
2389
2395
2401
2405
2410
2414
2416
2420
2423
2425
2427
2427
2428
2428
2426
2426
2424
2421
2419
2416
2413
2411
2407
2404
2401
2396
2394
2392
2387
2385
2382
2377
2376
2373
2370
2369
2368
2365
2364
2362
2360
2358
2355
2354
2352
2348
2345
2342
2340
2336
2333
2328
2324
2319
2313
2305
2301
2294
2285
2277
2269
2260
2251
2243
2233
2224
2215
2204
2195
2185
2176
2169
2161
2153
2147
2142
2137
2133
2132
2129
2129
2128
2128
2129
2131
2132
2137
2141
2144
2150
2155
2161
2167
2172
2177
2184
2189
2194
2200
2205
2209
2215
2219
2223
2227
2231
2234
2236
2239
2240
2241
2244
2243
2245
2245
2244
2245
2244
2243
2241
2239
2237
2234
2231
2227
2224
2219
2216
2209
2208
2203
2199
2194
2191
2186
2182
2179
2173
2170
2166
2163
2160
2157
2152
2150
2147
2144
2140
2137
2133
2130
2128
2127
2124
2123
2123
2123
2123
2123
2125
2128
2129
2132
2135
2138
2140
2144
2149
2153
2159
2164
2169
2176
2181
2188
2196
2203
2211
2221
2229
2239
2248
2257
2265
2272
2282
2289
2296
2302
2308
2311
2317
2321
2324
2328
2331
2331
2334
2336
2334
2335
2333
2331
2328
2327
2323
2320
2314
2312
2307
2303
2297
2292
2286
2280
2273
2265
2259
2253
2245
2237
2229
2221
2212
2203
2195
2184
2175
2166
2156
2148
2139
2129
2121
2115
2107
2100
2093
2087
2083
2078
2072
2069
2067
2064
2063
2061
2061
2061
2061
2061
2064
2064
2064
2067
2069
2069
2071
2073
2073
2076
2078
2077
2080
2080
2080
2078
2077
2075
2072
2068
2067
2065
2061
2058
2056
2051
2049
2047
2042
2040
2039
2036
2034
2033
2030
2030
2029
2026
2026
2024
2021
2020
2019
2016
2013
2012
2008
2005
2004
2000
1999
1996
1992
1989
1987
1983
1980
1977
1973
1971
1969
1966
1965
1964
1960
1960
1957
1956
1954
1953
1950
1949
1949
1947
1949
1949
1948
1951
1953
1954
1956
1958
1960
1964
1968
1969
1973
1977
1980
1984
1988
1989
1992
1995
1996
1996
1996
1996
1996
1995
1994
1992
1991
1987
1985
1981
1977
1972
1968
1964
1959
1953
1949
1944
1940
1936
1928
1925
1920
1914
1911
1905
1899
1895
1891
1888
1881
1879
1875
1872
1866
1863
1859
1854
1850
1845
1840
1835
1829
1824
1818
1812
1808
1801
1794
1789
1784
1777
1769
1765
1760
1753
1749
1744
1739
1735
1729
1725
1724
1720
1715
1714
1712
1709
1705
1703
1701
1697
1696
1693
1688
1686
1683
1680
1673
1671
1667
1663
1658
1654
1649
1645
1641
1637
1632
1628
1622
1619
1612
1609
1605
1600
1598
1595
1592
1588
1587
1584
1581
1580
1576
1576
1573
1570
1572
1571
1569
1570
1571
1569
1572
1573
1576
1576
1579
1582
1585
1588
1593
1595
1601
1606
1609
1616
1619
1623
1628
1632
1634
1638
1641
1644
1648
1648
1651
1653
1656
1656
1657
1657
1657
1657
1657
1656
1657
1656
1653
1656
1655
1652
1653
1653
1652
1652
1652
1653
1655
1653
1658
1660
1662
1665
1668
1669
1675
1678
1680
1684
1688
1690
1694
1697
1699
1703
1705
1705
1709
1710
1709
1710
1712
1709
1710
1710
1709
1709
1709
1708
1711
1712
1712
1712
1713
1712
1715
1717
1717
1721
1724
1726
1733
1737
1741
1747
1753
1759
1768
1776
1783
1793
1804
1812
1825
1837
1848
1860
1873
1883
1896
1906
1916
1928
1938
1948
1960
1970
1982
1992
2005
2016
2026
2040
2052
2064
2078
2092
2106
2118
2134
2148
2161
2174
2185
2197
2208
2217
2225
2233
2240
2246
2251
2256
2258
2261
2263
2262
2264
2264
2264
2261
2262
2261
2257
2257
2256
2255
2252
2251
2250
2246
2247
2244
2241
2241
2239
2238
2237
2235
2234
2232
2229
2227
2224
2220
2216
2211
2205
2201
2193
2189
2183
2175
2168
2161
2154
2145
2137
2129
2120
2112
2104
2096
2088
2080
2072
2065
2057
2048
2041
2032
2024
2016
2008
1999
1991
1983
1973
1967
1958
1950
1943
1936
1927
1918
1912
1905
1896
1892
1885
1878
1873
1868
1861
1857
1852
1846
1842
1840
1836
1832
1829
1828
1827
1825
1825
1826
1828
1827
1830
1832
1833
1836
1838
1840
1842
1845
1846
1848
1849
1851
1850
1851
1851
1849
1848
1847
1844
1842
1840
1837
1833
1832
1829
1825
1823
1820
1816
1816
1813
1810
1809
1808
1805
1805
1805
1802
1802
1801
1800
1799
1797
1796
1793
1793
1793
1792
1790
1790
1788
1787
1785
1784
1781
1780
1778
1777
1776
1772
1773
1771
1768
1768
1767
1763
1764
1761
1760
1758
1757
1756
1755
1755
1755
1755
1756
1757
1760
1760
1761
1763
1766
1769
1770
1776
1780
1782
1787
1790
1793
1797
1800
1803
1805
1806
1808
1811
1812
1813
1816
1818
1821
1822
1825
1828
1829
1832
1832
1837
1840
1844
1846
1851
1855
1860
1863
1869
1873
1880
1886
1890
1899
1907
1913
1924
1933
1943
1953
1965
1978
1989
2003
2016
2030
2044
2058
2073
2085
2101
2116
2128
2143
2155
2165
2176
2185
2194
2200
2208
2212
2215
2220
2223
2224
2225
2225
2225
2221
2221
2219
2214
2213
2210
2206
2204
2201
2197
2195
2193
2189
2187
2184
2181
2177
2173
2169
2165
2161
2156
2152
2148
2142
2137
2131
2127
2121
2115
2109
2101
2097
2091
2084
2080
2073
2066
2061
2055
2048
2042
2036
2029
2022
2016
2009
2005
2000
1993
1987
1984
1976
1972
1968
1964
1960
1956
1953
1952
1949
1948
1949
1949
1948
1950
1952
1952
1954
1957
1957
1961
1964
1965
1969
1972
1973
1977
1980
1981
1982
1986
1988
1991
1994
1997
2000
2004
2007
2011
2016
2017
2023
2027
2031
2036
2040
2045
2050
2056
2064
2069
2076
2083
2091
2097
2105
2112
2120
2128
2136
2144
2152
2160
2168
2175
2181
2189
2193
2200
2205
2209
2213
2216
2219
2221
2224
2225
2227
2229
2229
2231
2232
2233
2234
2234
2236
2237
2238
2239
2241
2241
2243
2242
2244
2244
2243
2244
2244
2245
2245
2245
2245
2247
2248
2249
2249
2249
2251
2251
2252
2253
2256
2257
2259
2261
2263
2265
2265
2267
2269
2269
2272
2272
2272
2274
2276
2277
2280
2281
2283
2287
2290
2293
2295
2300
2304
2307
2311
2315
2320
2325
2330
2336
2338
2344
2349
2353
2358
2361
2365
2370
2375
2380
2385
2389
2396
2403
2408
2416
2423
2430
2437
2446
2455
2464
2472
2481
2491
2499
2508
2517
2525
2533
2539
2547
2552
2557
2562
2565
2569
2573
2573
2576
2577
2578
2577
2577
2577
2575
2574
2573
2573
2571
2572
2573
2573
2573
2573
2575
2576
2576
2576
2576
2576
2577
2576
2576
2576
2574
2570
2568
2564
2560
2554
2549
2544
2537
2532
2526
2518
2513
2506
2499
2493
2487
2480
2474
2467
2461
2454
2450
2445
2440
2436
2433
2429
2425
2423
2421
2418
2416
2416
2415
2413
2413
2413
2413
2412
2412
2412
2411
2413
2412
2411
2412
2412
2413
2413
2413
2416
2416
2416
2416
2418
2419
2419
2422
2422
2424
2425
2427
2429
2430
2433
2435
2438
2440
2443
2445
2448
2448
2451
2453
2456
2457
2460
2462
2463
2464
2465
2467
2467
2467
2467
2467
2468
2468
2467
2469
2469
2469
2471
2472
2473
2473
2474
2476
2477
2478
2480
2484
2487
2493
2497
2504
2513
2521
2530
2541
2552
2564
2576
2588
2600
2611
2621
2632
2642
2651
2660
2668
2676
2684
2692
2699
2706
2714
2721
2728
2736
2743
2748
2756
2761
2766
2773
2778
2783
2788
2792
2797
2800
2804
2807
2809
2811
2813
2813
2813
2813
2813
2812
2812
2811
2809
2809
2808
2805
2804
2801
2800
2799
2797
2796
2793
2793
2793
2793
2792
2792
2792
2793
2793
2793
2793
2794
2794
2793
2795
2796
2796
2797
2797
2799
2801
2802
2804
2805
2809
2811
2815
2818
2823
2827
2832
2835
2840
2845
2848
2852
2856
2859
2860
2862
2864
2864
2864
2864
2861
2860
2856
2853
2848
2844
2838
2833
2827
2821
2815
2809
2803
2797
2792
2785
2780
2774
2768
2763
2757
2751
2745
2739
2734
2727
2722
2716
2710
2702
2697
2689
2683
2676
2669
2662
2654
2647
2640
2632
2624
2616
2608
2598
2591
2582
2572
2565
2555
2545
2537
2528
2519
2508
2499
2490
2480
2469
2459
2449
2439
2430
2421
2412
2403
2395
2388
2380
2373
2367
2360
2354
2349
2344
2340
2337
2334
2330
2328
2326
2322
2320
2320
2317
2315
2313
2313
2310
2310
2309
2308
2308
2309
2307
2309
2308
2306
2307
2305
2304
2302
2301
2300
2297
2296
2293
2291
2288
2284
2281
2277
2273
2270
2266
2262
2258
2256
2251
2248
2244
2239
2235
2232
2229
2224
2221
2216
2211
2209
2205
2201
2196
2194
2190
2185
2183
2178
2173
2169
2165
2160
2155
2152
2149
2144
2140
2136
2131
2128
2123
2120
2115
2113
2109
2108
2105
2103
2101
2101
2100
2099
2099
2100
2101
2102
2103
2105
2106
2109
2112
2115
2117
2120
2123
2124
2128
2128
2129
2129
2130
2131
2131
2129
2129
2128
2127
2125
2123
2121
2119
2119
2117
2117
2115
2116
2117
2118
2119
2121
2124
2125
2128
2132
2136
2139
2144
2148
2153
2157
2163
2168
2174
2180
2187
2193
2200
2208
2214
2224
2232
2239
2248
2259
2267
2277
2286
2295
2304
2312
2320
2325
2332
2339
2344
2348
2353
2356
2360
2361
2362
2363
2364
2363
2362
2363
2363
2362
2363
2363
2363
2364
2365
2366
2368
2368
2369
2369
2371
2372
2373
2374
2374
2375
2376
2375
2374
2372
2371
2368
2364
2360
2357
2352
2348
2344
2338
2333
2328
2321
2316
2309
2303
2297
2291
2284
2279
2273
2267
2261
2256
2251
2245
2240
2235
2229
2225
2221
2215
2212
2208
2204
2201
2199
2194
2193
2192
2189
2189
2190
2192
2193
2197
2200
2208
2213
2219
2227
2234
2239
2247
2251
2257
2261
2265
2268
2271
2273
2275
2276
2277
2277
2277
2277
2275
2274
2272
2269
2267
2263
2262
2259
2256
2251
2249
2244
2240
2236
2229
2227
2223
2218
2213
2210
2208
2203
2201
2197
2196
2193
2189
2188
2185
2184
2181
2179
2177
2175
2172
2169
2165
2163
2160
2153
2151
2146
2141
2137
2133
2128
2125
2121
2115
2113
2107
2103
2098
2093
2089
2084
2081
2077
2073
2072
2070
2069
2067
2066
2066
2065
2065
2066
2066
2067
2068
2069
2071
2072
2074
2075
2077
2076
2079
2080
2078
2080
2080
2080
2080
2080
2079
2076
2077
2077
2075
2076
2076
2076
2076
2076
2077
2077
2080
2081
2081
2085
2087
2088
2091
2093
2096
2097
2101
2102
2107
2110
2113
2118
2123
2128
2133
2139
2145
2151
2157
2165
2172
2181
2188
2197
2206
2213
2224
2232
2240
2249
2256
2263
2270
2277
2282
2288
2293
2297
2302
2305
2307
2309
2309
2309
2307
2307
2305
2303
2301
2299
2296
2293
2291
2289
2285
2283
2280
2276
2274
2272
2267
2264
2261
2256
2255
2251
2245
2243
2239
2233
2229
2224
2220
2215
2210
2205
2200
2197
2192
2187
2183
2179
2173
2168
2163
2157
2152
2147
2140
2136
2131
2123
2118
2112
2106
2100
2093
2088
2080
2074
2068
2062
2056
2051
2045
2041
2035
2029
2025
2020
2013
2011
2006
2001
2000
1995
1992
1990
1988
1987
1984
1982
1981
1979
1979
1978
1977
1978
1979
1978
1980
1981
1981
1982
1983
1984
1983
1983
1983
1981
1981
1980
1979
1977
1976
1975
1971
1969
1968
1965
1963
1959
1957
1955
1953
1951
1948
1946
1944
1941
1937
1936
1933
1931
1928
1925
1923
1919
1918
1915
1912
1910
1908
1904
1901
1898
1892
1891
1888
1882
1879
1875
1871
1867
1864
1860
1856
1852
1849
1845
1841
1837
1835
1832
1830
1827
1825
1825
1824
1824
1822
1822
1822
1822
1824
1825
1825
1828
1830
1832
1836
1838
1840
1843
1845
1845
1845
1848
1848
1848
1849
1849
1849
1849
1848
1848
1848
1848
1848
1847
1848
1849
1850
1852
1855
1858
1860
1863
1867
1869
1874
1878
1882
1888
1892
1898
1904
1910
1916
1924
1932
1940
1948
1957
1968
1977
1985
1997
2009
2018
2032
2043
2052
2065
2076
2085
2096
2104
2111
2119
2125
2130
2137
2141
2144
2147
2148
2150
2148
2148
2147
2144
2143
2140
2137
2133
2131
2128
2124
2123
2120
2116
2114
2112
2109
2107
2104
2101
2100
2097
2096
2093
2091
2089
2087
2083
2080
2076
2073
2068
2064
2060
2056
2049
2045
2040
2035
2031
2023
2020
2016
2010
2006
2001
1997
1993
1989
1986
1981
1978
1975
1971
1967
1962
1959
1956
1952
1947
1945
1940
1939
1937
1935
1933
1933
1933
1931
1933
1934
1935
1936
1939
1942
1943
1947
1950
1952
1955
1956
1959
1961
1962
1964
1965
1968
1969
1969
1972
1973
1975
1977
1978
1977
1978
1980
1979
1980
1981
1981
1982
1981
1982
1982
1981
1981
1980
1977
1977
1977
1975
1974
1973
1972
1971
1969
1968
1968
1965
1964
1962
1963
1963
1961
1964
1965
1967
1969
1973
1977
1980
1985
1992
1995
2003
2009
2015
2020
2026
2031
2036
2040
2041
2044
2047
2048
2048
2048
2049
2048
2048
2049
2047
2048
2048
2047
2047
2046
2045
2044
2044
2044
2043
2044
2045
2042
2044
2045
2046
2045
2045
2046
2044
2045
2046
2045
2049
2049
2053
2057
2061
2065
2068
2075
2080
2085
2093
2100
2105
2113
2121
2128
2137
2146
2156
2164
2175
2185
2194
2206
2217
2229
2240
2252
2264
2276
2289
2301
2313
2325
2338
2348
2361
2375
2385
2397
2410
2423
2435
2448
2459
2471
2483
2494
2504
2513
2524
2531
2540
2547
2554
2560
2565
2569
2573
2576
2577
2576
2577
2578
2578
2577
2576
2575
2574
2573
2572
2571
2568
2567
2565
2563
2560
2557
2555
2550
2549
2545
2541
2538
2534
2529
2524
2519
2514
2509
2503
2497
2492
2486
2480
2475
2469
2464
2458
2453
2448
2441
2437
2432
2428
2424
2419
2416
2413
2408
2405
2401
2398
2394
2391
2387
2384
2381
2377
2375
2371
2370
2368
2364
2363
2361
2358
2356
2354
2352
2351
2349
2348
2347
2346
2345
2344
2344
2343
2342
2339
2339
2338
2336
2336
2335
2333
2331
2331
2330
2328
2328
2327
2324
2324
2323
2321
2320
2317
2316
2312
2310
2308
2305
2302
2298
2295
2290
2286
2282
2277
2273
2269
2266
2261
2257
2253
2248
2243
2240
2233
