Sampling rate=500
1768
1769
1768
1769
1772
1776
1778
1781
1784
1787
1791
1792
1793
1792
1793
1795
1795
1795
1796
1797
1798
1799
1798
1798
1797
1795
1791
1789
1788
1785
1786
1785
1785
1785
1785
1785
1785
1787
1787
1786
1786
1785
1788
1790
1794
1797
1801
1805
1810
1813
1818
1823
1826
1830
1834
1838
1841
1848
1853
1858
1864
1869
1873
1877
1881
1884
1885
1886
1888
1888
1890
1892
1893
1897
1897
1897
1897
1896
1894
1892
1891
1889
1888
1887
1886
1884
1884
1884
1884
1883
1883
1882
1880
1880
1878
1878
1878
1879
1880
1880
1881
1882
1881
1881
1880
1878
1877
1877
1877
1876
1876
1876
1877
1876
1875
1876
1873
1870
1869
1867
1866
1864
1864
1863
1863
1863
1863
1864
1863
1862
1863
1861
1860
1858
1860
1861
1862
1864
1865
1868
1870
1873
1874
1876
1877
1877
1880
1881
1883
1885
1889
1892
1895
1897
1899
1904
1904
1905
1906
1908
1908
1909
1912
1913
1915
1916
1918
1919
1919
1918
1919
1917
1916
1916
1915
1913
1913
1914
1913
1913
1912
1910
1907
1904
1900
1896
1891
1888
1884
1880
1877
1873
1871
1866
1861
1857
1850
1844
1840
1834
1832
1828
1825
1824
1821
1821
1819
1819
1818
1816
1817
1817
1819
1820
1822
1826
1830
1835
1838
1844
1851
1856
1860
1865
1870
1874
1880
1885
1893
1898
1904
1910
1916
1921
1925
1927
1931
1934
1939
1939
1945
1949
1953
1957
1962
1966
1971
1973
1976
1976
1980
1983
1985
1989
1993
1996
2000
2003
2005
2008
2009
2013
2013
2013
2013
2015
2016
2016
2017
2017
2019
2019
2019
2018
2016
2014
2011
2009
2007
2005
2004
2004
2004
2004
2004
2004
2004
2002
2001
2000
2000
1998
1998
1999
2000
2000
2001
2003
2003
2003
2003
2001
2000
2001
2000
2001
2001
2003
2004
2003
2004
2005
2003
2001
2000
1997
1993
1990
1987
1982
1979
1975
1969
1965
1961
1955
1947
1939
1931
1923
1916
1908
1901
1895
1889
1884
1879
1873
1869
1865
1863
1860
1856
1856
1857
1859
1862
1866
1872
1876
1881
1888
1893
1899
1905
1912
1917
1921
1928
1936
1941
1948
1953
1957
1960
1963
1965
1964
1963
1962
1961
1960
1957
1955
1952
1949
1945
1939
1933
1928
1922
1916
1910
1904
1899
1895
1892
1889
1889
1888
1886
1885
1884
1885
1885
1889
1891
1897
1904
1909
1917
1925
1933
1941
1950
1958
1964
1973
1980
1987
1997
2004
2013
2020
2028
2035
2040
2045
2049
2050
2053
2055
2055
2056
2056
2056
2056
2055
2053
2051
2047
2043
2038
2034
2027
2022
2017
2013
2008
2005
2002
2000
1997
1993
1990
1988
1987
1987
1986
1987
1989
1993
1997
2002
2009
2014
2020
2025
2032
2035
2040
2045
2051
2057
2063
2067
2071
2074
2080
2080
2081
2080
2078
2076
2073
2069
2065
2062
2057
2052
2047
2039
2032
2025
2017
2009
2000
1991
1984
1977
1971
1965
1961
1957
1954
1952
1949
1946
1944
1943
1942
1945
1946
1949
1953
1959
1963
1968
1973
1977
1982
1987
1990
1994
1998
2001
2004
2008
2013
2016
2019
2020
2022
2021
2021
2019
2016
2014
2011
2009
2006
2003
2000
1997
1992
1987
1983
1977
1971
1965
1962
1957
1955
1952
1952
1951
1950
1953
1953
1954
1957
1960
1962
1968
1972
1977
1984
1992
2000
2005
2013
2021
2028
2033
2038
2043
2047
2051
2055
2058
2062
2065
2067
2067
2065
2065
2064
2060
2056
2053
2049
2045
2041
2038
2033
2030
2026
2022
2017
2013
2007
2003
2000
1997
1995
1994
1994
1995
1996
1997
2000
2001
2003
2005
2008
2010
2013
2017
2021
2027
2033
2040
2044
2049
2053
2056
2058
2060
2060
2059
2061
2061
2060
2059
2057
2056
2052
2048
2042
2036
2029
2022
2016
2008
2001
1995
1987
1984
1979
1973
1969
1963
1959
1955
1952
1948
1947
1946
1946
1945
1948
1949
1951
1952
1952
1952
1950
1949
1949
1948
1948
1948
1947
1946
1945
1943
1941
1937
1933
1928
1923
1918
1913
1907
1901
1898
1893
1888
1882
1876
1870
1863
1857
1851
1844
1840
1835
1833
1829
1825
1825
1824
1824
1822
1821
1821
1821
1824
1824
1825
1830
1833
1838
1842
1847
1850
1854
1857
1860
1860
1864
1867
1869
1872
1874
1876
1880
1881
1881
1880
1880
1879
1877
1875
1873
1872
1872
1869
1868
1866
1865
1864
1861
1858
1853
1851
1847
1844
1842
1840
1840
1840
1840
1840
1840
1840
1840
1837
1840
1840
1840
1841
1847
1851
1856
1861
1865
1871
1876
1880
1885
1890
1893
1897
1904
1908
1913
1917
1921
1925
1929
1931
1933
1933
1933
1931
1929
1929
1929
1927
1927
1926
1924
1923
1920
1918
1915
1909
1908
1905
1904
1902
1903
1903
1904
1905
1904
1905
1905
1908
1909
1910
1912
1914
1917
1920
1924
1929
1932
1936
1939
1940
1941
1944
1945
1946
1947
1948
1950
1950
1952
1953
1952
1949
1949
1947
1942
1939
1937
1933
1931
1927
1925
1922
1919
1916
1912
1907
1904
1897
1892
1888
1883
1878
1874
1872
1869
1868
1867
1865
1863
1861
1859
1858
1856
1857
1857
1858
1860
1864
1865
1867
1871
1873
1875
1876
1880
1881
1884
1888
1891
1894
1897
1901
1904
1906
1909
1909
1911
1910
1911
1910
1910
1912
1913
1913
1914
1915
1916
1916
1914
1913
1912
1910
1909
1909
1909
1910
1911
1912
1913
1915
1916
1916
1917
1917
1919
1920
1922
1924
1927
1930
1934
1937
1940
1944
1946
1948
1949
1952
1952
1953
1954
1956
1957
1959
1960
1960
1961
1960
1958
1956
1953
1950
1948
1946
1945
1943
1944
1941
1940
1940
1939
1938
1937
1936
1934
1933
1934
1936
1938
1940
1942
1944
1947
1949
1951
1952
1954
1955
1958
1960
1962
1968
1971
1976
1978
1981
1984
1985
1986
1987
1988
1989
1990
1991
1992
1993
1992
1992
1992
1992
1990
1987
1984
1981
1979
1976
1974
1970
1970
1968
1964
1963
1960
1957
1953
1949
1945
1941
1939
1936
1936
1934
1933
1931
1929
1927
1925
1921
1919
1918
1917
1916
1915
1914
1915
1916
1916
1914
1916
1913
1912
1911
1908
1906
1904
1902
1901
1901
1901
1900
1898
1897
1895
1892
1889
1886
1881
1877
1875
1872
1870
1867
1866
1862
1859
1856
1852
1847
1843
1839
1834
1829
1826
1824
1820
1817
1815
1812
1812
1808
1805
1802
1800
1796
1796
1795
1795
1795
1796
1796
1797
1797
1797
1797
1797
1797
1797
1796
1800
1802
1805
1808
1811
1815
1817
1819
1821
1823
1825
1828
1831
1833
1835
1840
1844
1849
1852
1856
1857
1860
1861
1864
1865
1868
1870
1873
1876
1880
1883
1885
1888
1889
1890
1891
1893
1893
1895
1897
1900
1904
1905
1907
1908
1909
1909
1911
1911
1909
1909
1910
1912
1912
1913
1915
1916
1917
1920
1921
1923
1924
1925
1927
1928
1931
1934
1938
1942
1945
1949
1953
1956
1957
1960
1961
1962
1964
1965
1966
1968
1969
1971
1971
1970
1969
1968
1966
1963
1960
1960
1958
1957
1957
1956
1956
1956
1956
1957
1956
1957
1957
1958
1959
1960
1963
1967
1970
1973
1977
1982
1984
1988
1991
1992
1995
1997
2001
2007
2011
2016
2021
2024
2028
2032
2034
2036
2039
2040
2043
2045
2047
2049
2051
2053
2056
2057
2059
2059
2058
2059
2058
2057
2056
2056
2056
2056
2056
2056
2055
2053
2053
2051
2049
2047
2045
2045
2045
2045
2045
2048
2048
2051
2053
2055
2056
2057
2058
2060
2062
2065
2068
2072
2075
2078
2081
2083
2085
2087
2088
2088
2089
2090
2091
2093
2094
2096
2097
2099
2101
2100
2100
2099
2099
2099
2098
2099
2100
2100
2102
2103
2103
2104
2103
2101
2101
2099
2098
2097
2096
2094
2093
2092
2091
2089
2087
2085
2083
2080
2077
2075
2073
2071
2070
2069
2068
2068
2068
2067
2065
2064
2063
2061
2059
2058
2057
2056
2057
2057
2059
2059
2059
2059
2060
2060
2059
2060
2060
2062
2064
2066
2068
2072
2075
2079
2081
2084
2087
2089
2092
2096
2097
2101
2105
2108
2112
2115
2118
2120
2121
2121
2120
2120
2119
2118
2117
2114
2113
2112
2109
2109
2105
2102
2099
2096
2091
2088
2084
2082
2080
2080
2078
2077
2076
2075
2073
2071
2069
2067
2065
2064
2061
2060
2060
2059
2059
2059
2057
2054
2051
2048
2044
2041
2037
2035
2032
2031
2028
2027
2024
2021
2019
2017
2013
2010
2007
2005
2002
2000
1998
1997
1996
1995
1993
1992
1989
1985
1982
1978
1975
1973
1971
1970
1968
1968
1966
1965
1964
1963
1961
1961
1960
1960
1959
1960
1960
1963
1965
1968
1969
1972
1973
1974
1976
1976
1977
1979
1980
1982
1983
1986
1987
1988
1988
1989
1987
1986
1984
1981
1979
1979
1979
1978
1978
1978
1977
1976
1975
1974
1972
1971
1971
1972
1973
1975
1977
1979
1985
1987
1992
1996
2000
2001
2005
2010
2014
2019
2024
2029
2033
2038
2043
2046
2049
2052
2053
2053
2054
2056
2056
2057
2060
2061
2063
2064
2065
2065
2065
2064
2064
2064
2064
2064
2064
2064
2066
2068
2069
2069
2069
2069
2069
2068
2067
2067
2067
2067
2068
2068
2069
2070
2071
2072
2073
2072
2073
2073
2073
2075
2077
2080
2081
2083
2085
2088
2093
2093
2096
2098
2101
2102
2104
2108
2110
2113
2117
2120
2122
2124
2125
2125
2125
2125
2125
2125
2128
2129
2131
2131
2133
2135
2135
2135
2135
2135
2136
2136
2136
2137
2138
2140
2144
2145
2148
2150
2152
2154
2156
2158
2160
2161
2165
2168
2171
2175
2180
2182
2185
2187
2189
2192
2192
2195
2196
2198
2200
2201
2203
2206
2208
2209
2209
2210
2210
2209
2208
2208
2209
2209
2209
2211
2211
2211
2209
2211
2209
2209
2208
2207
2205
2208
2208
2209
2211
2212
2216
2218
2221
2224
2225
2227
2229
2231
2236
2238
2242
2248
2251
2254
2257
2259
2260
2261
2261
2260
2259
2258
2257
2256
2256
2253
2251
2249
2245
2241
2236
2232
2228
2225
2221
2221
2219
2219
2219
2219
2220
2220
2221
2221
2224
2224
2226
2228
2231
2235
2238
2244
2247
2249
2256
2257
2260
2263
2265
2268
2272
2273
2276
2280
2281
2284
2284
2285
2285
2283
2281
2277
2273
2271
2265
2263
2260
2258
2256
2252
2248
2245
2241
2236
2233
2231
2228
2227
2225
2227
2229
2230
2232
2234
2236
2237
2237
2240
2240
2241
2244
2245
2248
2250
2251
2253
2253
2253
2250
2249
2247
2245
2241
2239
2237
2235
2233
2231
2226
2224
2222
2217
2215
2211
2205
2203
2199
2198
2195
2193
2192
2193
2192
2191
2189
2189
2188
2188
2187
2189
2189
2193
2197
2200
2203
2208
2210
2211
2213
2216
2218
2220
2223
2225
2227
2229
2232
2234
2235
2234
2233
2235
2233
2232
2232
2230
2231
2230
2229
2229
2230
2230
2230
2229
2229
2228
2228
2229
2229
2229
2232
2233
2238
2241
2244
2246
2249
2251
2253
2256
2257
2259
2261
2264
2267
2271
2273
2276
2277
2277
2277
2277
2277
2277
2276
2276
2277
2279
2280
2281
2283
2284
2285
2286
2288
2288
2290
2292
2295
2298
2303
2307
2312
2317
2323
2327
2330
2337
2341
2346
2351
2356
2361
2367
2372
2377
2380
2382
2385
2386
2387
2387
2386
2384
2384
2383
2381
2381
2380
2378
2376
2374
2372
2371
2368
2367
2365
2364
2364
2365
2365
2366
2368
2369
2370
2370
2371
2371
2372
2373
2375
2376
2379
2384
2386
2391
2395
2400
2402
2405
2409
2412
2416
2419
2422
2428
2432
2436
2441
2445
2449
2452
2455
2457
2458
2461
2464
2469
2473
2477
2482
2486
2491
2495
2497
2502
2504
2507
2509
2512
2515
2517
2520
2523
2524
2525
2527
2527
2528
2527
2526
2525
2525
2525
2525
2525
2527
2528
2527
2526
2528
2527
2526
2525
2525
2525
2525
2525
2526
2528
2530
2533
2535
2537
2539
2540
2541
2544
2545
2547
2551
2553
2557
2560
2564
2569
2571
2575
2577
2581
2584
2587
2591
2594
2600
2604
2610
2616
2620
2624
2628
2630
2633
2635
2636
2638
2640
2641
2643
2645
2646
2647
2646
2645
2644
2643
2640
2637
2636
2635
2634
2634
2633
2634
2633
2633
2632
2632
2632
2631
2631
2630
2632
2635
2637
2641
2645
2649
2653
2657
2661
2664
2668
2672
2675
2680
2684
2687
2692
2696
2699
2701
2703
2704
2704
2704
2704
2705
2706
2708
2709
2711
2713
2717
2719
2720
2721
2722
2723
2722
2722
2723
2723
2723
2723
2723
2721
2720
2717
2714
2709
2705
2700
2697
2696
2691
2690
2688
2688
2687
2685
2684
2683
2681
2680
2680
2679
2679
2679
2680
2681
2683
2685
2688
2691
2693
2695
2697
2699
2702
2705
2708
2712
2714
2720
2723
2725
2727
2728
2728
2728
2728
2727
2727
2728
2727
2728
2729
2730
2731
2731
2732
2734
2736
2736
2738
2741
2744
2749
2752
2757
2761
2766
2771
2774
2777
2780
2783
2786
2789
2793
2797
2800
2804
2807
2810
2812
2813
2814
2814
2814
2813
2813
2814
2814
2814
2815
2814
2813
2812
2810
2808
2805
2802
2800
2796
2793
2791
2788
2786
2784
2782
2779
2776
2773
2771
2768
2765
2763
2761
2761
2761
2761
2761
2761
2760
2759
2757
2755
2752
2749
2746
2742
2738
2734
2731
2728
2724
2720
2714
2708
2702
2695
2689
2684
2677
2672
2667
2663
2659
2655
2650
2647
2642
2639
2632
2627
2623
2619
2616
2613
2611
2608
2605
2601
2597
2593
2587
2581
2576
2570
2564
2560
2554
2548
2543
2536
2530
2524
2516
2508
2499
2488
2477
2467
2456
2445
2434
2423
2410
2398
2385
2373
2359
2345
2333
2321
2309
2300
2291
2284
2278
2272
2267
2261
2257
2251
2247
2242
2238
2233
2232
2229
2226
2224
2224
2221
2219
2216
2213
2211
2208
2205
2203
2201
2197
2195
2192
2189
2186
2183
2179
2175
2169
2163
2157
2151
2144
2137
2129
2120
2110
2100
2089
2077
2064
2050
2038
2024
2011
1997
1984
1971
1957
1942
1928
1915
1899
1883
1867
1850
1833
1815
1799
1785
1771
1756
1744
1731
1718
1707
1696
1684
1672
1662
1652
1643
1635
1625
1617
1610
1605
1598
1590
1584
1576
1570
1564
1558
1552
1545
1541
1536
1532
1528
1522
1517
1511
1504
1497
1491
1485
1479
1473
1467
1461
1456
1449
1444
1437
1430
1424
1416
1408
1401
1395
1389
1384
1378
1376
1375
1373
1373
1372
1371
1372
1376
1376
1380
1385
1392
1397
1403
1410
1416
1423
1427
1433
1435
1437
1440
1440
1441
1442
1441
1441
1440
1434
1431
1427
1421
1413
1405
1397
1388
1380
1372
1364
1356
1348
1340
1333
1324
1316
1307
1299
1290
1283
1278
1273
1269
1264
1261
1259
1256
1253
1250
1248
1245
1243
1241
1241
1241
1240
1240
1241
1241
1241
1239
1236
1233
1229
1227
1223
1219
1215
1211
1207
1203
1200
1195
1191
1186
1182
1177
1174
1171
1168
1168
1165
1165
1166
1168
1169
1168
1171
1171
1172
1174
1175
1177
1184
1187
1192
1193
