Sampling rate=500
1961
1962
1963
1964
1966
1966
1966
1967
1967
1971
1971
1974
1977
1980
1982
1985
1986
1989
1988
1987
1986
1986
1982
1980
1979
1978
1974
1972
1967
1967
1959
1955
1949
1943
1935
1930
1925
1921
1916
1913
1908
1906
1903
1900
1898
1895
1892
1890
1890
1890
1893
1895
1898
1903
1908
1914
1920
1926
1934
1943
1948
1957
1966
1976
1986
1998
2008
2020
2029
2038
2047
2054
2060
2066
2071
2074
2077
2079
2083
2084
2084
2084
2082
2079
2076
2074
2067
2063
2058
2054
2049
2045
2042
2038
2035
2031
2030
2025
2022
2019
2018
2014
2012
2012
2012
2012
2012
2014
2013
2014
2014
2014
2012
2012
2013
2012
2012
2013
2015
2015
2015
2015
2015
2014
2013
2012
2011
2010
2009
2010
2010
2011
2014
2015
2019
2020
2022
2024
2028
2030
2033
2038
2044
2048
2055
2062
2069
2075
2082
2088
2094
2099
2105
2111
2116
2120
2126
2130
2134
2138
2142
2143
2143
2144
2143
2143
2139
2138
2135
2135
2131
2130
2127
2128
2125
2122
2120
2118
2116
2114
2115
2114
2116
2119
2123
2125
2130
2134
2140
2142
2147
2151
2155
2159
2164
2169
2175
2180
2186
2191
2194
2196
2199
2202
2201
2202
2200
2200
2201
2198
2197
2195
2193
2191
2186
2182
2176
2171
2166
2159
2157
2151
2149
2147
2146
2143
2143
2143
2143
2143
2145
2147
2148
2152
2159
2163
2170
2176
2184
2191
2198
2206
2211
2218
2223
2230
2236
2243
2250
2255
2262
2269
2274
2279
2285
2288
2293
2296
2300
2304
2308
2314
2318
2323
2328
2334
2340
2345
2350
2357
2359
2364
2371
2375
2381
2387
2393
2399
2406
2412
2415
2422
2428
2430
2433
2437
2442
2445
2450
2456
2458
2463
2467
2469
2472
2474
2475
2476
2478
2479
2479
2482
2483
2484
2486
2487
2488
2486
2486
2486
2483
2482
2481
2482
2479
2479
2482
2479
2481
2479
2478
2478
2476
2474
2471
2470
2469
2466
2465
2465
2460
2458
2455
2450
2446
2439
2434
2428
2423
2418
2412
2407
2404
2399
2395
2391
2387
2383
2378
2375
2370
2367
2366
2362
2361
2359
2359
2358
2355
2351
2348
2345
2342
2335
2332
2328
2324
2319
2316
2315
2309
2303
2298
2293
2287
2280
2276
2268
2263
2259
2255
2250
2246
2244
2239
2238
2234
2231
2228
2224
2225
2222
2223
2224
2225
2227
2229
2232
2235
2238
2240
2240
2243
2246
2248
2251
2254
2260
2262
2266
2269
2272
2273
2273
2274
2271
2271
2270
2270
2266
2264
2262
2259
2255
2252
2248
2240
2235
2228
2222
2214
2207
2202
2198
2191
2187
2183
2178
2174
2170
2165
2161
2157
2154
2152
2151
2150
2148
2149
2148
2148
2147
2147
2144
2142
2141
2140
2137
2135
2134
2135
2133
2131
2130
2127
2124
2121
2119
2113
2110
2107
2102
2099
2097
2095
2091
2088
2086
2082
2078
2076
2071
2068
2067
2066
2065
2063
2067
2067
2069
2072
2072
2074
2076
2078
2080
2084
2088
2092
2097
2104
2108
2114
2119
2122
2126
2128
2130
2133
2136
2138
2140
2143
2146
2147
2149
2149
2148
2148
2147
2146
2143
2142
2142
2142
2140
2141
2140
2142
2142
2142
2140
2140
2139
2138
2138
2138
2139
2140
2142
2144
2144
2146
2148
2146
2145
2143
2143
2141
2140
2141
2138
2138
2137
2136
2135
2133
2131
2127
2125
2122
2120
2117
2115
2116
2114
2114
2113
2115
2113
2111
2111
2110
2110
2109
2109
2109
2110
2111
2112
2113
2114
2115
2115
2114
2114
2111
2110
2111
2108
2108
2109
2109
2109
2109
2108
2108
2107
2108
2104
2104
2104
2106
2106
2107
2111
2111
2115
2117
2118
2121
2122
2124
2126
2127
2132
2134
2138
2143
2148
2151
2156
2162
2164
2168
2171
2176
2178
2183
2188
2191
2198
2203
2207
2212
2216
2219
2222
2224
2228
2229
2231
2234
2236
2238
2243
2244
2247
2249
2250
2250
2250
2250
2250
2250
2250
2252
2254
2254
2255
2258
2258
2259
2259
2259
2258
2258
2260
2259
2261
2264
2264
2266
2268
2269
2270
2271
2271
2270
2270
2269
2268
2268
2270
2269
2269
2269
2267
2266
2264
2260
2255
2254
2250
2246
2244
2242
2239
2236
2234
2230
2227
2223
2218
2214
2210
2206
2202
2199
2198
2195
2194
2193
2192
2190
2189
2188
2186
2185
2186
2184
2184
2186
2189
2189
2191
2195
2194
2195
2196
2196
2196
2196
2198
2196
2196
2198
2197
2197
2198
2196
2194
2191
2190
2185
2182
2179
2177
2175
2174
2174
2171
2170
2170
2167
2166
2164
2164
2161
2159
2162
2159
2162
2163
2164
2166
2167
2166
2167
2167
2168
2166
2166
2166
2166
2168
2167
2167
2166
2164
2163
2159
2155
2150
2146
2142
2136
2132
2126
2120
2116
2110
2106
2098
2091
2085
2078
2071
2063
2055
2054
2047
2043
2042
2037
2034
2031
2028
2026
2023
2020
2019
2018
2018
2018
2020
2023
2023
2026
2030
2030
2031
2034
2033
2035
2036
2037
2040
2042
2046
2046
2048
2050
2050
2049
2050
2047
2046
2046
2044
2043
2044
2042
2042
2042
2040
2039
2037
2036
2034
2031
2031
2029
2030
2030
2030
2031
2034
2034
2036
2038
2036
2036
2038
2039
2040
2043
2046
2049
2053
2056
2058
2060
2062
2062
2062
2063
2062
2061
2060
2060
2059
2057
2056
2052
2049
2044
2038
2031
2026
2019
2012
2007
1999
1995
1989
1983
1978
1973
1966
1961
1955
1950
1945
1940
1938
1934
1932
1931
1927
1927
1927
1923
1922
1920
1920
1916
1915
1914
1914
1912
1913
1914
1913
1914
1911
1910
1909
1906
1903
1902
1900
1899
1898
1898
1898
1897
1898
1895
1895
1894
1892
1892
1892
1892
1893
1895
1900
1901
1906
1908
1913
1916
1920
1926
1927
1934
1940
1944
1951
1958
1966
1972
1978
1983
1989
1993
1996
1999
1999
2002
2003
2005
2004
2004
2003
2003
1999
1995
1992
1988
1982
1978
1974
1970
1967
1966
1964
1962
1962
1959
1958
1954
1954
1951
1951
1949
1949
1950
1951
1950
1951
1954
1955
1954
1954
1954
1954
1951
1951
1950
1952
1951
1952
1953
1954
1954
1955
1955
1954
1955
1955
1956
1958
1960
1964
1970
1975
1980
1987
1992
1998
2004
2011
2015
2022
2028
2036
2042
2050
2055
2062
2066
2070
2075
2073
2074
2073
2072
2067
2063
2060
2056
2050
2044
2037
2030
2021
2012
2001
1992
1983
1975
1968
1963
1957
1953
1950
1947
1946
1943
1942
1942
1942
1942
1944
1946
1950
1955
1960
1965
1971
1978
1984
1987
1993
1998
2006
2009
2015
2023
2030
2036
2044
2050
2058
2062
2067
2071
2076
2077
2080
2083
2087
2088
2091
2094
2095
2095
2095
2094
2093
2087
2086
2082
2079
2075
2071
2069
2066
2063
2060
2056
2053
2050
2046
2044
2042
2042
2040
2043
2046
2049
2052
2058
2063
2067
2074
2079
2087
2092
2100
2108
2118
2126
2136
2144
2155
2161
2170
2175
2182
2186
2191
2196
2201
2204
2209
2214
2219
2221
2223
2226
2227
2227
2228
2229
2228
2229
2230
2231
2231
2232
2234
2233
2232
2232
2231
2228
2226
2227
2223
2223
2223
2222
2223
2222
2223
2223
2222
2221
2219
2220
2219
2219
2219
2221
2223
2225
2227
2228
2230
2229
2229
2228
2229
2228
2227
2228
2230
2228
2230
2230
2231
2231
2231
2231
2232
2230
2231
2232
2235
2236
2239
2243
2247
2250
2253
2257
2261
2262
2264
2266
2270
2271
2274
2278
2280
2282
2284
2286
2284
2283
2282
2281
2277
2276
2274
2271
2270
2267
2267
2263
2261
2258
2256
2252
2248
2246
2244
2239
2238
2237
2236
2236
2238
2238
2236
2236
2236
2238
2236
2238
2238
2242
2243
2246
2250
2255
2256
2259
2263
2266
2266
2268
2271
2271
2274
2277
2280
2281
2284
2284
2287
2285
2284
2283
2283
2279
2279
2278
2278
2277
2277
2277
2278
2276
2276
2275
2275
2274
2272
2271
2272
2274
2276
2278
2280
2283
2286
2286
2287
2287
2288
2289
2290
2291
2295
2294
2296
2299
2302
2302
2303
2303
2304
2303
2303
2303
2303
2303
2305
2306
2308
2307
2308
2309
2309
2306
2307
2305
2305
2304
2303
2304
2306
2305
2306
2307
2307
2305
2305
2303
2302
2301
2301
2300
2300
2299
2301
2300
2299
2298
2298
2295
2294
2291
2289
2287
2287
2285
2285
2284
2285
2283
2283
2282
2279
2277
2274
2272
2269
2266
2265
2263
2260
2259
2255
2254
2250
2246
2242
2238
2234
2228
2226
2223
2220
2218
2216
2214
2213
2210
2207
2205
2203
2202
2199
2198
2199
2198
2198
2199
2201
2201
2202
2200
2201
2200
2198
2198
2197
2196
2195
2195
2194
2193
2190
2187
2183
2180
2174
2168
2163
2157
2150
2146
2141
2135
2129
2124
2117
2111
2104
2098
2093
2085
2079
2075
2071
2067
2066
2063
2062
2058
2056
2054
2054
2050
2047
2048
2048
2048
2049
2051
2053
2053
2054
2054
2055
2054
2053
2052
2052
2050
2051
2050
2051
2050
2049
2047
2044
2043
2040
2038
2034
2031
2029
2026
2023
2023
2022
2019
2017
2015
2014
2011
2008
2008
2005
2004
2003
2004
2003
2005
2007
2007
2007
2007
2008
2006
2007
2007
2006
2006
2007
2007
2007
2007
2008
2006
2004
2002
1998
1996
1992
1990
1986
1983
1982
1978
1975
1973
1971
1966
1962
1958
1956
1950
1948
1946
1943
1941
1941
1940
1938
1938
1937
1937
1935
1934
1934
1933
1934
1935
1936
1939
1942
1944
1948
1950
1951
1954
1958
1958
1960
1963
1965
1969
1972
1974
1975
1976
1978
1977
1975
1974
1970
1967
1965
1962
1959
1956
1952
1950
1946
1941
1937
1932
1927
1922
1920
1915
1912
1912
1910
1910
1910
1912
1912
1913
1915
1916
1919
1922
1926
1930
1935
1942
1948
1954
1959
1966
1970
1974
1978
1980
1983
1983
1987
1986
1986
1988
1988
1986
1984
1982
1978
1974
1967
1964
1959
1956
1951
1949
1946
1943
1940
1939
1935
1932
1930
1927
1924
1923
1922
1922
1921
1922
1924
1926
1925
1926
1927
1926
1927
1927
1929
1930
1932
1934
1937
1938
1940
1943
1946
1946
1947
1948
1948
1949
1948
1951
1951
1954
1957
1957
1959
1960
1962
1961
1962
1963
1964
1964
1967
1969
1973
1977
1982
1986
1988
1993
1997
2002
2004
2008
2014
2020
2026
2031
2039
2044
2051
2057
2063
2067
2072
2078
2082
2085
2091
2094
2100
2106
2112
2114
2118
2122
2124
2126
2127
2131
2131
2132
2135
2137
2139
2142
2145
2145
2146
2146
2146
2146
2146
2146
2145
2143
2146
2146
2146
2146
2146
2146
2143
2142
2142
2138
2136
2136
2137
2135
2136
2136
2138
2138
2138
2137
2137
2135
2134
2134
2131
2131
2131
2131
2130
2130
2128
2127
2124
2122
2118
2114
2110
2106
2103
2098
2094
2091
2088
2082
2077
2071
2064
2057
2051
2046
2038
2032
2027
2023
2018
2014
2010
2006
2002
1999
1997
1992
1990
1988
1988
1988
1990
1992
1994
1998
2001
2004
2006
2008
2012
2014
2015
2018
2021
2025
2028
2030
2031
2034
2036
2035
2035
2034
2031
2031
2031
2030
2028
2027
2027
2026
2024
2022
2020
2015
2014
2011
2007
2006
2004
2002
2002
2001
2002
2000
2002
1999
1999
1999
1996
1996
1996
1998
1998
1999
1999
2002
2003
2005
2006
2005
2005
2006
2003
2003
2004
2004
2004
2006
2007
2007
2007
2007
2006
2006
2006
2004
2003
2004
2006
2006
2007
2010
2012
2012
2014
2015
2014
2014
2012
2012
2012
2011
2013
2010
2011
2010
2006
2004
1999
1996
1992
1988
1984
1980
1978
1976
1973
1972
1971
1970
1967
1967
1966
1964
1965
1965
1963
1964
1967
1970
1972
1975
1980
1980
1984
1986
1988
1990
1992
1995
1996
1999
2003
2006
2009
2010
2012
2014
2014
2013
2013
2011
2011
2010
2010
2008
2007
2007
2007
2003
2000
1998
1995
1991
1988
1986
1983
1982
1981
1982
1980
1982
1983
1984
1984
1984
1986
1987
1989
1991
1996
1998
2002
2007
2013
2015
2018
2022
2023
2026
2027
2029
2031
2031
2036
2035
2036
2036
2036
2036
2033
2030
2026
2022
2019
2014
2010
2007
2004
2002
1998
1997
1994
1991
1990
1983
1982
1980
1979
1977
1976
1978
1979
1982
1983
1988
1989
1991
1996
1998
2002
2006
2012
2019
2027
2035
2044
2052
2062
2071
2079
2087
2096
2106
2114
2123
2134
2144
2152
2162
2171
2180
2187
2194
2199
2205
2211
2215
2222
2225
2230
2234
2240
2243
2247
2251
2251
2252
2253
2254
2253
2254
2254
2255
2255
2256
2257
2258
2258
2257
2258
2255
2255
2255
2258
2255
2259
2262
2264
2268
2271
2277
2278
2282
2286
2288
2291
2295
2299
2304
2308
2312
2318
2319
2323
2324
2325
2324
2323
2322
2322
2319
2319
2319
2319
2316
2315
2314
2313
2308
2306
2303
2300
2299
2298
2299
2299
2300
2301
2304
2305
2306
2310
2309
2312
2313
2315
2317
2319
2323
2326
2330
2331
2333
2335
2335
2335
2335
2334
2334
2334
2334
2333
2333
2334
2334
2334
2333
2332
2331
2331
2327
2327
2326
2327
2327
2329
2332
2332
2335
2335
2338
2341
2342
2346
2346
2348
2351
2355
2359
2363
2369
2370
2374
2375
2380
2379
2380
2381
2380
2381
2381
2383
2382
2381
2380
2378
2376
2373
2370
2364
2362
2357
2354
2351
2349
2348
2344
2344
2342
2341
2338
2338
2338
2338
2337
2338
2342
2343
2347
2351
2358
2359
2364
2367
2371
2373
2377
2379
2382
2384
2388
2392
2394
2397
2398
2399
2399
2398
2398
2394
2392
2390
2390
2383
2383
2381
2379
2375
2372
2367
2362
2358
2351
2348
2342
2338
2334
2330
2326
2325
2319
2316
2313
2310
2304
2302
2299
2295
2292
2291
2290
2289
2289
2290
2287
2287
2285
2284
2282
2280
2278
2276
2275
2271
2274
2270
2267
2264
2260
2255
2251
2246
2239
2234
2228
2224
2219
2215
2212
2206
2202
2199
2195
2190
2186
2183
2178
2175
2173
2171
2171
2170
2171
2168
2168
2167
2166
2164
2162
2162
2159
2159
2159
2160
2159
2160
2159
2160
2159
2158
2158
2154
2152
2152
2149
2147
2146
2144
2142
2139
2137
2132
2127
2123
2117
2111
2107
2101
2097
2094
2090
2087
2084
2082
2078
2076
2075
2071
2070
2070
2069
2071
2073
2076
2079
2082
2087
2089
2091
2095
2097
2099
2102
2104
2109
2111
2116
2122
2123
2127
2129
2130
2133
2134
2135
2136
2138
2142
2142
2143
2148
2148
2151
2154
2152
2154
2154
2156
2156
2157
2159
2159
2163
2166
2167
2171
2174
2176
2176
2178
2181
2180
2183
2185
2190
2193
2198
2203
2207
2210
2216
2219
2223
2226
2230
2234
2239
2244
2250
2255
2259
2263
2268
2274
2275
2279
2281
2282
2283
2285
2287
2290
2292
2296
2295
2295
2294
2293
2292
2290
2287
2284
2282
2280
2277
2275
2274
2271
2270
2267
2264
2262
2259
2258
2254
2254
2255
2254
2254
2257
2256
2258
2260
2260
2260
2261
2262
2261
2262
2264
2263
2266
2268
2270
2270
2271
2271
2270
2270
2270
2269
2268
2270
2268
