Sampling rate=500
2097
2097
2097
2095
2095
2094
2093
2092
2092
2092
2093
2094
2096
2099
2102
2107
2109
2111
2115
2119
2123
2128
2134
2142
2149
2155
2163
2171
2178
2184
2191
2196
2200
2206
2211
2216
2221
2228
2231
2236
2238
2240
2241
2242
2243
2242
2238
2237
2236
2234
2231
2230
2230
2228
2224
2222
2219
2215
2213
2207
2206
2203
2202
2201
2201
2202
2201
2202
2202
2202
2201
2203
2200
2200
2201
2202
2204
2206
2207
2207
2210
2210
2210
2209
2209
2207
2206
2204
2204
2204
2204
2205
2204
2206
2206
2206
2207
2207
2207
2212
2212
2216
2221
2223
2231
2238
2245
2249
2255
2262
2268
2274
2281
2287
2291
2298
2305
2310
2316
2319
2326
2327
2327
2327
2327
2326
2323
2322
2318
2315
2311
2307
2303
2298
2291
2283
2276
2268
2260
2252
2246
2240
2236
2230
2226
2222
2219
2216
2214
2211
2207
2206
2206
2206
2207
2210
2213
2215
2219
2222
2225
2226
2228
2230
2233
2234
2235
2237
2238
2239
2242
2242
2243
2241
2239
2237
2234
2229
2226
2222
2218
2214
2210
2207
2204
2198
2195
2191
2185
2180
2175
2170
2166
2163
2161
2159
2158
2159
2158
2156
2156
2157
2156
2157
2158
2159
2159
2164
2167
2171
2176
2181
2186
2187
2190
2193
2195
2198
2202
2202
2204
2206
2209
2211
2212
2214
2212
2210
2207
2206
2202
2199
2196
2194
2190
2189
2188
2186
2183
2183
2179
2179
2177
2176
2174
2175
2175
2177
2179
2182
2185
2188
2191
2194
2196
2196
2198
2199
2202
2204
2206
2210
2212
2213
2213
2215
2212
2210
2207
2204
2200
2197
2193
2189
2186
2183
2179
2174
2170
2166
2161
2157
2152
2147
2143
2141
2139
2139
2139
2138
2139
2141
2142
2142
2143
2145
2148
2150
2153
2158
2164
2168
2172
2177
2182
2185
2187
2191
2191
2191
2193
2194
2194
2196
2194
2194
2191
2191
2187
2184
2180
2174
2169
2164
2159
2155
2151
2147
2144
2140
2137
2133
2129
2125
2122
2119
2115
2113
2111
2111
2111
2110
2110
2110
2110
2108
2108
2105
2103
2100
2100
2099
2098
2097
2099
2095
2095
2094
2094
2091
2091
2089
2090
2087
2088
2090
2092
2093
2095
2098
2100
2103
2104
2104
2107
2109
2111
2114
2119
2123
2126
2131
2135
2141
2142
2145
2147
2150
2153
2158
2158
2162
2165
2168
2171
2175
2178
2177
2178
2179
2180
2181
2182
2185
2185
2187
2191
2194
2198
2200
2202
2205
2207
2211
2212
2214
2216
2220
2223
2227
2231
2232
2233
2235
2235
2234
2234
2231
2230
2229
2227
2226
2223
2223
2220
2217
2214
2211
2206
2204
2198
2194
2191
2190
2187
2186
2185
2183
2182
2182
2178
2177
2174
2172
2170
2170
2170
2168
2167
2168
2168
2168
2169
2167
2164
2163
2161
2158
2156
2154
2154
2150
2149
2148
2146
2143
2141
2137
2135
2132
2130
2128
2129
2127
2128
2130
2133
2135
2139
2140
2143
2146
2148
2151
2155
2158
2161
2165
2169
2172
2178
2178
2179
2179
2178
2178
2176
2171
2168
2167
2162
2159
2156
2150
2143
2138
2131
2124
2115
2110
2101
2094
2087
2082
2077
2072
2068
2063
2059
2056
2054
2048
2046
2045
2044
2044
2048
2049
2052
2055
2061
2066
2071
2077
2081
2087
2094
2102
2108
2116
2125
2134
2144
2151
2159
2166
2172
2179
2182
2186
2190
2194
2197
2201
2203
2203
2205
2205
2205
2202
2198
2196
2191
2190
2184
2182
2179
2178
2175
2172
2169
2166
2163
2161
2158
2154
2154
2153
2154
2156
2159
2160
2164
2168
2173
2176
2179
2183
2188
2192
2201
2206
2213
2219
2227
2235
2240
2245
2251
2255
2258
2262
2262
2264
2266
2267
2268
2270
2267
2266
2262
2259
2254
2248
2242
2236
2230
2226
2222
2216
2213
2209
2205
2202
2200
2194
2191
2189
2187
2186
2187
2187
2189
2191
2194
2198
2200
2202
2206
2207
2212
2215
2218
2221
2226
2231
2236
2242
2244
2247
2250
2252
2254
2255
2256
2255
2258
2259
2261
2263
2264
2266
2267
2267
2269
2267
2265
2263
2262
2260
2258
2259
2255
2254
2254
2251
2249
2249
2245
2244
2241
2239
2240
2239
2241
2242
2243
2244
2246
2248
2249
2249
2251
2250
2251
2253
2255
2259
2260
2262
2266
2268
2270
2271
2271
2273
2275
2277
2276
2279
2282
2286
2287
2290
2294
2296
2299
2302
2304
2306
2310
2314
2321
2324
2331
2340
2345
2351
2359
2367
2373
2380
2387
2394
2401
2410
2418
2427
2435
2444
2453
2458
2466
2471
2476
2480
2485
2487
2490
2494
2495
2499
2498
2498
2496
2495
2492
2491
2484
2482
2478
2474
2471
2470
2466
2463
2463
2462
2460
2460
2458
2456
2456
2456
2458
2460
2462
2466
2469
2474
2478
2480
2483
2486
2490
2490
2492
2494
2498
2501
2502
2504
2507
2507
2508
2509
2506
2503
2502
2500
2498
2494
2490
2487
2484
2482
2478
2471
2467
2462
2454
2450
2442
2435
2430
2424
2418
2414
2410
2404
2398
2393
2388
2383
2376
2372
2367
2364
2363
2360
2358
2356
2354
2354
2351
2348
2347
2345
2343
2342
2340
2341
2342
2341
2341
2342
2343
2343
2344
2343
2342
2342
2343
2344
2347
2348
2351
2354
2356
2359
2360
2360
2362
2364
2363
2362
2363
2364
2366
2367
2368
2367
2366
2366
2363
2360
2359
2355
2353
2350
2347
2345
2343
2341
2339
2335
2334
2328
2322
2318
2314
2310
2306
2301
2299
2295
2293
2291
2289
2287
2286
2283
2280
2279
2278
2277
2278
2280
2279
2282
2285
2286
2287
2287
2287
2287
2287
2287
2287
2286
2287
2286
2286
2286
2284
2283
2279
2278
2275
2271
2266
2263
2261
2258
2255
2254
2252
2251
2250
2248
2245
2244
2243
2243
2243
2246
2247
2250
2254
2259
2263
2268
2274
2276
2280
2283
2287
2291
2296
2300
2303
2308
2310
2314
2316
2317
2316
2314
2314
2310
2303
2301
2296
2291
2287
2282
2277
2270
2262
2254
2245
2237
2227
2219
2210
2202
2195
2188
2180
2172
2165
2158
2151
2143
2136
2130
2124
2118
2114
2111
2110
2108
2107
2108
2108
2110
2111
2112
2113
2115
2120
2124
2129
2135
2140
2148
2154
2156
2161
2164
2167
2168
2170
2173
2175
2177
2178
2180
2182
2182
2183
2183
2183
2184
2182
2180
2180
2180
2182
2183
2185
2188
2190
2191
2194
2196
2198
2202
2206
2210
2215
2222
2230
2239
2248
2258
2266
2276
2286
2296
2303
2314
2321
2330
2338
2347
2355
2362
2370
2374
2375
2378
2379
2379
2379
2378
2376
2375
2375
2374
2370
2367
2366
2364
2361
2360
2356
2354
2354
2355
2357
2360
2366
2372
2378
2385
2392
2401
2410
2419
2428
2438
2451
2462
2471
2483
2494
2506
2517
2526
2536
2543
2549
2555
2562
2566
2571
2577
2581
2583
2584
2587
2588
2588
2587
2586
2583
2580
2578
2575
2574
2572
2571
2571
2570
2567
2566
2564
2563
2563
2563
2565
2566
2567
2568
2572
2575
2579
2583
2586
2589
2589
2591
2591
2594
2596
2597
2599
2602
2599
2602
2602
2603
2601
2599
2599
2596
2593
2591
2590
2588
2587
2586
2584
2583
2580
2578
2575
2572
2569
2566
2563
2562
2558
2555
2555
2552
2551
2547
2543
2542
2535
2531
2527
2523
2520
2517
2514
2511
2511
2506
2504
2501
2497
2492
2487
2484
2478
2475
2471
2467
2463
2461
2458
2453
2449
2445
2440
2436
2432
2429
2426
2422
2419
2418
2418
2415
2416
2414
2413
2412
2412
2412
2413
2415
2417
2420
2426
2430
2434
2439
2446
2447
2450
2455
2458
2460
2463
2466
2470
2472
2473
2474
2475
2473
2471
2468
2462
2458
2452
2447
2440
2434
2427
2423
2415
2406
2399
2390
2383
2374
2366
2356
2350
2343
2339
2335
2333
2330
2328
2326
2326
2326
2326
2327
2330
2330
2335
2340
2346
2351
2357
2363
2369
2374
2379
2383
2387
2392
2395
2398
2402
2406
2410
2411
2412
2414
2414
2412
2411
2410
2404
2402
2399
2396
2395
2390
2388
2386
2383
2380
2376
2371
2367
2364
2360
2359
2356
2353
2350
2350
2347
2345
2342
2339
2337
2332
2327
2325
2323
2318
2318
2315
2312
2311
2309
2306
2303
2301
2298
2294
2292
2290
2291
2288
2287
2288
2290
2291
2292
2294
2292
2293
2294
2295
2297
2300
2303
2307
2310
2314
2315
2318
2319
2319
2319
2320
2319
2318
2319
2319
2318
2319
2318
2318
2316
2314
2312
2311
2307
2304
2302
2299
2299
2298
2297
2297
2296
2296
2295
2295
2295
2292
2291
2291
2291
2292
2294
2295
2296
2298
2300
2301
2302
2302
2300
2301
2302
2302
2303
2303
2305
2304
2304
2305
2304
2303
2302
2302
2299
2298
2298
2296
2298
2297
2298
2299
2300
2299
2300
2301
2299
2300
2299
2301
2300
2303
2306
2309
2309
2311
2314
2315
2316
2317
2319
2318
2319
2321
2322
2324
2326
2327
2329
2330
2331
2330
2331
2332
2332
2330
2331
2333
2334
2335
2338
2340
2339
2340
2340
2340
2340
2342
2340
2339
2339
2340
2341
2341
2343
2340
2340
2338
2335
2334
2331
2330
2327
2326
2325
2324
2324
2321
2319
2318
2314
2311
2309
2303
2301
2298
2295
2294
2294
2290
2288
2287
2285
2282
2279
2278
2274
2271
2271
2270
2271
2270
2270
2270
2271
2271
2271
2269
2268
2267
2265
2264
2263
2263
2262
2259
2256
2254
2250
2247
2242
2235
2230
2223
2220
2215
2210
2206
2202
2199
2195
2194
2189
2186
2182
2180
2177
2175
2175
2173
2172
2173
2173
2173
2172
2172
2168
2167
2164
2162
2159
2158
2156
2156
2154
2153
2151
2149
2145
2143
2139
2138
2135
2134
2130
2131
2131
2131
2132
2134
2135
2136
2138
2138
2139
2142
2142
2143
2146
2150
2155
2156
2158
2160
2162
2162
2162
2162
2160
2157
2156
2155
2154
2154
2151
2150
2148
2146
2143
2142
2138
2135
2132
2132
2129
2130
2129
2131
2130
2132
2133
2135
2134
2135
2138
2140
2140
2143
2148
2153
2158
2162
2167
2171
2175
2179
2183
2186
2187
2191
2194
2198
2203
2207
2210
2212
2214
2216
2217
2218
2218
2216
2215
2216
2215
2218
2216
2217
2218
2217
2218
2215
2214
2213
2212
2210
2210
2211
2210
2210
2211
2211
2212
2211
2212
2209
2206
2206
2204
2206
2203
2204
2205
2206
2207
2207
2207
2207
2207
2207
2207
2210
2207
2210
2211
2214
2216
2218
2222
2221
2222
2222
2222
2223
2223
2223
2223
2224
2227
2226
2226
2227
2227
2226
2223
2223
2218
2215
2214
2211
2210
2207
2207
2204
2203
2200
2199
2196
2193
2191
2190
2188
2189
2190
2190
2191
2195
2198
2202
2203
2206
2207
2211
2214
2220
2222
2226
2231
2236
2241
2247
2250
2252
2255
2257
2259
2259
2258
2260
2260
2261
2263
2261
2261
2260
2260
2258
2257
2254
2253
2251
2251
2252
2254
2255
2256
2260
2262
2267
2268
2271
2275
2278
2283
2290
2292
2299
2306
2312
2319
2326
2330
2335
2341
2346
2348
2352
2354
2358
2360
2363
2366
2367
2367
2367
2367
2367
2364
2360
2357
2354
2351
2348
2348
2343
2341
2338
2335
2331
2326
2323
2318
2311
2307
2306
2299
2297
2294
2292
2287
2284
2281
2278
2274
2270
2267
2264
2262
2261
2261
2262
2260
2259
2260
2258
2257
2255
2255
2253
2251
2251
2250
2250
2250
2250
2248
2246
2244
2242
2236
2231
2227
2222
2216
2212
2206
2200
2195
2190
2184
2175
2167
2159
2153
2143
2135
2127
2120
2114
2109
2102
2098
2093
2087
2084
2079
2076
2071
2070
2070
2070
2072
2076
2081
2084
2090
2095
2100
2107
2112
2116
2122
2126
2131
2136
2140
2142
2145
2145
2145
2142
2140
2134
2127
2122
2115
2109
2103
2098
2090
2085
2079
2073
2067
2060
2052
2046
2039
2034
2031
2025
2021
2018
2015
2012
2010
2007
2003
2001
1999
1996
1995
1996
1996
1998
1999
2002
2004
2008
2009
2012
2014
2017
2020
2022
2024
2028
2031
2036
2040
2044
2046
2047
2047
2047
2047
2046
2044
2042
2041
2039
2038
2034
2031
2028
2024
2020
2014
2008
2003
1998
1993
1990
1986
1983
1980
1978
1974
1973
1970
1967
1964
1961
1959
1959
1957
1956
1957
1958
1959
1960
1960
1962
1962
1962
1961
1962
1962
1962
1964
1966
1967
1970
1968
1970
1969
1967
1967
1966
1962
1962
1959
1958
1956
1956
1952
1951
1948
1946
1943
1938
1935
1932
1930
1928
1926
1927
1925
1926
1926
1927
1926
1926
1927
1927
1928
1928
1930
1933
1934
1938
1940
1943
1946
1948
1949
1950
1950
1951
1951
1951
1953
1954
1956
1958
1958
1959
1958
1956
1955
1953
1951
1950
1944
1943
1940
1939
1937
1935
1932
1931
1926
1923
1920
1918
1916
1916
1913
1914
1916
1918
1922
1925
1930
1934
1940
1944
1950
1958
1967
1976
1986
1997
2010
2022
2032
2045
2055
2067
2077
2089
2098
2107
2117
2126
2134
2143
2151
2158
2163
2169
2171
2174
2177
2176
2176
2178
2178
2178
2178
2178
2178
2176
2174
2172
2170
2170
2166
2165
2164
2164
2166
2170
2170
2174
2178
2182
2186
2190
2194
2200
2204
2209
2216
2223
2231
2238
2246
2252
2259
2265
2271
2276
2280
2286
2289
2294
2298
2302
2306
2309
2312
2312
2312
2312
2310
2308
2307
2305
2303
2299
2298
2295
2292
2290
2287
2280
2276
2271
2266
2262
2259
2255
2251
2249
2247
2246
2244
2242
2243
2240
2238
2238
2236
2238
2239
2238
2239
2242
2245
2246
2248
2251
2250
2250
2251
2251
2251
2251
2254
2252
2253
2253
2253
2252
2250
2247
2243
2238
2233
2228
2222
2217
2212
2206
2202
2194
2188
2180
2171
2163
2154
2146
2138
2127
2121
2114
2109
2103
2098
2094
2087
2083
2078
2076
2071
2069
2067
2068
2066
2069
2070
2074
2074
2075
2078
2079
2080
2082
2083
2085
2087
2091
2093
2094
2097
2098
2099
2100
2099
2099
2100
2097
2095
2094
2094
2092
2091
2091
2090
2088
2085
2082
2078
2074
2070
2067
2063
2062
2059
2055
2053
2051
2048
2045
2043
2040
2036
2032
2030
2029
2027
2027
2028
2030
2030
2031
2031
2034
2035
2036
2038
2042
2043
2046
2050
2052
2055
2058
2061
2060
2060
2058
2056
2053
2050
2045
2039
2035
2030
2024
2019
2013
2006
1997
1990
1982
1974
1966
1959
1954
1947
1942
1938
1935
1930
1926
1922
1918
1916
1911
1909
1907
1906
1906
1906
1907
1907
1908
1908
1909
1910
1907
1907
1906
1904
1903
1903
1900
1899
1898
1895
1893
1889
1883
1877
1871
1865
1859
1854
1847
1840
1835
1828
1823
1815
1807
1799
1791
1783
1775
1769
1761
1754
1750
1743
1738
1735
1728
1723
1718
1712
1708
1703
1697
1694
1690
1687
1685
1684
1680
1678
1676
1673
1671
1667
1664
1662
1660
1659
1657
1655
1655
1655
1654
1654
1651
1650
1647
1645
1644
1642
1640
1641
1641
1642
1643
1644
1645
1646
1647
1648
1651
1654
1658
1663
1670
1676
1685
1691
1699
1707
1714
1722
1728
1734
1740
1746
1752
1758
1764
1770
1775
1779
1784
