Sampling rate=500
2038
2057
2075
2096
2115
2136
2155
2172
2193
2211
2230
2248
2264
2281
2297
2313
2327
2340
2353
2365
2377
2387
2397
2407
2414
2423
2429
2436
2441
2445
2451
2455
2458
2461
2464
2467
2468
2472
2473
2476
2477
2479
2480
2481
2483
2484
2485
2486
2487
2488
2489
2491
2491
2493
2493
2493
2493
2492
2492
2491
2489
2488
2485
2483
2481
2477
2473
2469
2465
2460
2455
2449
2443
2435
2427
2421
2413
2406
2398
2389
2382
2373
2365
2356
2347
2338
2328
2321
2311
2302
2294
2284
2276
2267
2258
2249
2240
2232
2224
2213
2205
2193
2187
2177
2169
2160
2152
2142
2133
2125
2117
2109
2101
2091
2085
2076
2070
2062
2055
2050
2044
2038
2032
2025
2021
2016
2012
2008
2003
2000
1996
1993
1991
1987
1985
1984
1980
1978
1976
1974
1971
1970
1968
1967
1964
1961
1960
1959
1957
1953
1951
1949
1946
1945
1941
1939
1936
1932
1931
1928
1926
1923
1920
1919
1916
1913
1911
1908
1906
1904
1902
1900
1897
1897
1895
1893
1892
1889
1889
1888
1886
1884
1884
1883
1881
1881
1880
1880
1879
1877
1876
1876
1873
1875
1873
1873
1873
1872
1872
1872
1870
1872
1869
1870
1869
1867
1867
1866
1867
1865
1865
1864
1863
1863
1861
1859
1859
1857
1856
1854
1853
1851
1847
1847
1845
1844
1841
1839
1839
1836
1834
1832
1829
1828
1825
1824
1822
1820
1818
1815
1813
1812
1809
1807
1805
1803
1799
1797
1795
1793
1790
1787
1785
1782
1780
1777
1773
1772
1768
1766
1763
1760
1757
1753
1752
1748
1747
1744
1742
1738
1737
1734
1733
1729
1729
1725
1725
1723
1721
1721
1718
1719
1718
1717
1717
1715
1715
1713
1716
1715
1716
1715
1715
1715
1713
1713
1712
1712
1712
1711
1708
1707
1706
1703
1704
1702
1701
1699
1698
1696
1696
1696
1692
1693
1693
1693
1693
1693
1696
1696
1698
1700
1702
1706
1709
1714
1718
1726
1731
1740
1748
1760
1768
1781
1793
1808
1821
1837
1852
1868
1884
1901
1919
1936
1956
1973
1993
2012
2031
2048
2066
2083
2100
2117
2133
2151
2166
2182
2197
2211
2224
2236
2249
2260
2272
2282
2292
2301
2310
2318
2325
2333
2338
2345
2350
2355
2359
2363
2366
2369
2371
2373
2375
2376
2377
2379
2379
2379
2379
2378
2376
2375
2373
2372
2370
2368
2366
2363
2360
2356
2354
2349
2346
2342
2337
2332
2326
2321
2315
2310
2303
2297
2289
2284
2276
2269
2261
2253
2245
2236
2229
2221
2213
2205
2197
2188
2179
2172
2161
2154
2145
2137
2129
2121
2112
2104
2096
2087
2080
2069
2064
2055
2047
2040
2033
2025
2017
2011
2003
1998
1992
1987
1982
1978
1973
1970
1966
1963
1960
1957
1954
1951
1950
1947
1946
1944
1943
1940
1938
1936
1933
1932
1929
1928
1925
1924
1921
1919
1918
1915
1915
1912
1911
1909
1908
1905
1905
1904
1901
1901
1899
1900
1897
1898
1897
1897
1895
1894
1893
1891
1891
1889
1889
1888
1888
1886
1886
1884
1884
1881
1880
1880
1879
1879
1877
1877
1877
1878
1877
1878
1878
1878
1879
1879
1881
1880
1882
1882
1884
1884
1886
1887
1888
1889
1889
1891
1892
1892
1892
1893
1892
1892
1891
1890
1890
1888
1889
1888
1888
1885
1883
1881
1879
1879
1876
1875
1873
1872
1870
1866
1865
1863
1861
1861
1858
1857
1853
1852
1849
1849
1848
1845
1845
1843
1841
1841
1840
1839
1836
1836
1835
1835
1835
1833
1832
1831
1832
1829
1831
1829
1829
1828
1827
1825
1824
1824
1821
1822
1820
1820
1817
1816
1815
1812
1812
1808
1808
1805
1805
1804
1803
1801
1801
1799
1797
1797
1796
1796
1793
1795
1794
1794
1793
1793
1793
1792
1792
1791
1792
1789
1790
1789
1789
1788
1787
1786
1785
1784
1783
1783
1781
1781
1781
1780
1779
1777
1777
1776
1776
1776
1777
1776
1776
1777
1776
1778
1777
1779
1779
1781
1783
1783
1787
1788
1792
1796
1800
1805
1810
1816
1821
1831
1840
1850
1860
1872
1884
1897
1912
1925
1942
1958
1974
1992
2009
2027
2043
2062
2078
2098
2115
2133
2150
2168
2185
2200
2216
2229
2246
2260
2273
2287
2299
2311
2322
2333
2343
2352
2360
2369
2376
2384
2390
2396
2401
2407
2411
2415
2419
2421
2425
2427
2430
2432
2433
2435
2435
2435
2435
2436
2436
2436
2435
2433
2432
2431
2427
2426
2424
2421
2419
2414
2412
2409
2405
2401
2396
2392
2387
2383
2377
2371
2366
2360
2355
2348
2343
2336
2330
2323
2315
2309
2302
2295
2288
2280
2273
2267
2257
2249
2242
2233
2226
2217
2209
2201
2193
2184
2175
2166
2157
2149
2140
2132
2124
2115
2109
2100
2093
2086
2078
2073
2067
2061
2055
2052
2045
2043
2039
2036
2032
2030
2027
2025
2021
2017
2017
2014
2012
2009
2006
2005
2000
2000
1997
1993
1991
1987
1985
1983
1979
1976
1973
1971
1968
1967
1963
1961
1957
1954
1953
1949
1948
1945
1941
1939
1936
1935
1931
1930
1927
1924
1922
1917
1917
1914
1912
1909
1905
1905
1904
1901
1898
1895
1894
1892
1889
1888
1884
1884
1881
1879
1878
1876
1875
1873
1871
1870
1868
1868
1866
1863
1864
1862
1861
1860
1857
1859
1858
1857
1857
1856
1856
1855
1856
1854
1854
1854
1852
1853
1852
1852
1851
1848
1847
1844
1843
1840
1837
1833
1828
1827
1824
1820
1816
1810
1808
1803
1801
1795
1792
1788
1784
1781
1776
1776
1772
1771
1768
1765
1765
1761
1761
1760
1757
1756
1755
1754
1751
1752
1751
1749
1748
1745
1746
1744
1743
1741
1737
1737
1734
1733
1732
1731
1728
1727
1725
1723
1723
1721
1720
1719
1716
1717
1716
1716
1715
1716
1714
1713
1715
1715
1715
1714
1713
1714
1714
1714
1712
1713
1712
1710
1712
1710
1709
1707
1705
1705
1701
1702
1701
1700
1699
1697
1697
1696
1696
1696
1693
1693
1693
1693
1693
1693
1693
1693
1696
1696
1697
1699
1701
1703
1704
1707
1709
1713
1716
1721
1725
1729
1737
1744
1752
1761
1771
1780
1791
1804
1816
1831
1844
1860
1876
1892
1909
1925
1944
1961
1979
1996
2015
2032
2047
2065
2080
2098
2114
2129
2144
2157
2171
2183
2196
2208
2219
2228
2237
2247
2253
2262
2269
2276
2281
2287
2292
2295
2299
2303
2305
2308
2310
2313
2313
2315
2316
2316
2317
2315
2317
2317
2317
2315
2314
2313
2311
2310
2307
2306
2304
2301
2298
2295
2291
2286
2283
2277
2273
2268
2263
2258
2251
2246
2239
2233
2227
2221
2213
2207
2199
2192
2183
2176
2169
2161
2153
2144
2137
2128
2120
2112
2102
2094
2084
2076
2068
2059
2050
2041
2032
2024
2016
2007
1997
1989
1980
1971
1964
1954
1948
1940
1934
1926
1919
1914
1908
1903
1897
1892
1888
1883
1880
1876
1875
1872
1872
1868
1867
1865
1863
1864
1862
1863
1863
1862
1863
1862
1863
1861
1863
1863
1863
1861
1861
1861
1858
1859
1857
1856
1854
1853
1852
1848
1848
1844
1844
1841
1840
1838
1835
1835
1833
1833
1832
1831
1832
1829
1831
1831
1832
1831
1833
1833
1833
1835
1835
1837
1837
1840
1840
1840
1841
1843
1843
1844
1844
1844
1842
1845
1844
1845
1844
1843
1844
1844
1844
1843
1843
1843
1841
1844
1843
1843
1844
1843
1844
1844
1845
1845
1845
1845
1844
1845
1845
1845
1845
1844
1844
1843
1844
1843
1842
1841
1841
1840
1837
1837
1834
1835
1833
1833
1831
1829
1828
1827
1825
1824
1821
1822
1820
1818
1817
1816
1816
1814
1811
1812
1811
1811
1808
1805
1806
1805
1804
1803
1802
1800
1800
1797
1797
1795
1794
1793
1792
1790
1789
1787
1784
1784
1782
1781
1780
1778
1776
1776
1772
1772
1771
1769
1767
1767
1765
1763
1765
1762
1763
1763
1763
1761
1760
1761
1760
1761
1761
1761
1761
1763
1763
1762
1764
1763
1765
1765
1767
1768
1769
1769
1771
1771
1772
1772
1773
1773
1776
1773
1776
1776
1777
1777
1779
1779
1780
1780
1781
1783
1784
1787
1788
1793
1795
1800
1805
1811
1817
1825
1833
1841
1853
1863
1876
1887
1901
1914
1929
1943
1960
1976
1993
2009
2025
2042
2059
2076
2091
2108
2125
2141
2155
2169
2185
2197
2212
2225
2237
2249
2260
2272
2281
2293
2301
2310
2318
2326
2334
2339
2347
2353
2359
2364
2369
2373
2376
2380
2384
2387
2389
2391
2393
2394
2397
2397
2399
2399
2397
2399
2398
2397
2395
2393
2391
2388
2387
2384
2381
2377
2373
2368
2363
2359
2353
2348
2341
2334
2329
2321
2315
2308
2303
2295
2288
2280
2272
2265
2256
2250
2242
2235
2227
2220
2213
2205
2198
2192
2184
2175
2169
2160
2153
2145
2137
2129
2122
2114
2106
2099
2089
2081
2073
2064
2056
2048
2040
2032
2024
2016
2009
2002
1995
1989
1983
1979
1972
1969
1965
1961
1957
1953
1952
1950
1948
1947
1944
1944
1943
1942
1941
1941
1939
1937
1937
1934
1935
1932
1932
1930
1929
1927
1924
1921
1918
1915
1912
1909
1906
1904
1899
1896
1893
1889
1886
1881
1880
1876
1873
1871
1867
1866
1861
1861
1860
1859
1857
1855
1855
1852
1853
1853
1853
1852
1853
1852
1852
1854
1854
1856
1856
1855
1856
1856
1857
1856
1857
1856
1855
1856
1855
1855
1853
1853
1852
1848
1848
1846
1845
1843
1840
1838
1835
1833
1832
1829
1826
1823
1821
1818
1816
1814
1812
1809
1806
1805
1802
1801
1799
1798
1795
1794
1792
1791
1788
1788
1785
1785
1784
1783
1782
1781
1779
1777
1776
1776
1773
1771
1769
1768
1765
1763
1760
1760
1757
1756
1753
1751
1749
1745
1745
1744
1742
1740
1739
1737
1737
1737
1736
1736
1736
1736
1737
1737
1739
1739
1739
1741
1741
1742
1744
1744
1745
1744
1746
1747
1747
1747
1745
1747
1747
1747
1747
1748
1749
1747
1749
1749
1749
1749
1747
1748
1747
1747
1747
1745
1744
1742
1741
1740
1738
1737
1733
1733
1731
1729
1728
1725
1724
1721
1722
1720
1720
1718
1715
1716
1715
1713
1713
1712
1712
1711
1709
1709
1708
1706
1707
1706
1706
1706
1705
1705
1705
1704
1704
1705
1705
1705
1706
1704
1707
1708
1709
1710
1712
1713
1712
1716
1717
1720
1721
1724
1726
1725
1729
1731
1733
1734
1735
1737
1737
1739
1740
1739
1741
1741
1741
1743
1741
1744
1741
1740
1741
1740
1740
1739
1737
1738
1737
1737
1737
1735
1736
1735
1735
1733
1731
1732
1732
1732
1731
1729
1731
1731
1731
1729
1728
1729
1728
1728
1728
1727
1727
1726
1728
1727
1728
1728
1727
1727
1728
1728
1728
1726
1728
1729
1729
1729
1728
1730
1731
1731
1731
1729
1731
1731
1732
1731
1731
1730
1730
1729
1730
1728
1729
1728
1728
1725
1725
1723
1721
1721
1719
1719
1717
1714
1715
1712
1712
1709
1707
1707
1705
1705
1703
1700
1701
1701
1699
1699
1697
1697
1697
1695
1696
1696
1696
1694
1693
1694
1693
1693
1693
1693
1693
1691
1692
1691
1689
1689
1688
1688
1688
1687
1686
1685
1684
1683
1683
1681
1681
1680
1680
1680
1680
1678
1677
1677
1676
1677
1676
1675
1676
1674
1675
1675
1675
1674
1675
1675
1675
1673
1673
1673
1673
1672
1671
1668
1669
1666
1667
1664
1664
1663
1661
1660
1660
1657
1656
1655
1653
1652
1649
1648
1645
1645
1645
1645
1643
1641
1641
1640
1640
1639
1637
1637
1635
1637
1637
1637
1637
1636
1637
1637
1639
1640
1639
1641
1640
1642
1644
1645
1645
1645
1649
1650
1653
1653
1655
1657
1657
1660
1661
1664
1665
1666
1669
1669
1672
1673
1675
1676
1677
1680
1680
1682
1683
1685
1687
1687
1691
1691
1696
1697
1699
1701
1703
1707
1709
1712
1715
1717
1721
1724
1729
1732
1734
1737
1741
1744
1747
1747
1752
1753
1757
1758
1760
1761
1763
1765
1765
1765
1767
1768
1769
1769
1768
1770
1771
1773
1773
1773
1776
1777
1779
1780
1780
1784
1785
1787
1789
1789
1794
1796
1798
1801
1802
1805
1808
1810
1812
1815
1818
1820
1822
1826
1828
1832
1835
1838
1843
1848
1852
1858
1865
1872
1877
1888
1899
1909
1923
1933
1950
1965
1982
2000
2016
2036
2056
2076
2096
2117
2138
2160
2181
2201
2224
2243
2265
2284
2305
2324
2343
2361
2379
2397
2413
2430
2445
2460
2473
2488
2500
2513
2525
2536
2545
2555
2565
2573
2582
2589
2597
2603
2608
2615
2618
2624
2627
2631
2633
2636
2639
2640
2641
2643
2642
2643
2643
2641
2641
2638
2637
2635
2632
2630
2625
2623
2619
2613
2609
2604
2599
2593
2585
2580
2572
2566
2557
2551
2544
2535
2528
2519
2509
2501
2492
2484
2474
2465
2456
2446
2437
2428
2420
2411
2402
2393
2384
2376
2365
2358
2349
2341
2332
2323
2316
2308
2300
2292
2283
2275
2267
2260
2252
2245
2237
2229
2222
2216
2210
2203
2197
2192
2185
2181
2176
2171
2167
2163
2160
2156
2152
2151
2148
2146
2144
2141
2140
2137
2137
2135
2133
2133
2131
2131
2129
2128
2128
2128
2127
2125
2124
2123
2122
2121
2120
2119
2119
2117
2116
2115
2114
2113
2111
2112
2110
2109
2108
2105
2106
2105
2105
2103
2101
2101
2100
2099
2097
2097
2096
2093
2093
2092
2091
2089
2089
2088
2086
2085
2083
2081
2080
2078
2076
2075
2073
2072
2071
2067
2067
2065
2064
2061
2059
2058
2056
2055
2053
2049
2049
2047
2045
2043
2041
2040
2038
2037
2034
2032
2031
2029
2027
2025
2022
2021
2019
2018
2016
2012
2011
2009
2008
2004
2001
2000
1998
1997
1995
1992
1992
1991
1989
1988
1987
1985
1984
1985
1984
1984
1984
1984
1984
1982
1984
1984
1984
1982
1984
1983
1982
1981
1980
1979
1978
1977
1976
1974
1971
1969
1967
1963
1962
1958
1955
1952
1948
1946
1943
1941
1937
1934
1931
1927
1925
1922
1920
1917
1914
1912
1909
1907
1904
1903
1900
1899
1896
1893
1892
1889
1888
1885
1883
1881
1877
1877
1875
1872
1869
1867
1864
1860
1858
1854
1852
1849
1845
1843
1840
1837
1833
1833
1831
1829
1827
1827
1826
1827
1827
1827
1828
1829
1833
1833
1838
1841
1844
1848
1851
1856
1859
1865
1871
1876
1883
1889
1896
1900
1911
1917
1928
1936
1945
1956
1967
1977
1989
2000
2011
2025
2037
2051
2064
2077
2089
2101
2115
2127
2141
2153
2167
2179
2192
2203
2215
2225
2236
2247
2256
2267
2276
2286
2293
2302
2310
2318
2325
2331
2338
2344
2350
2355
2361
2365
2368
2373
2377
2381
2384
2387
2390
2392
2395
2397
2398
2399
2400
2400
2400
2400
2397
2398
2396
2395
2393
2390
2388
2384
2381
2376
2373
2369
2364
2359
2353
2349
2342
2337
2331
2325
2319
2312
2305
2297
2290
2282
2276
2269
2261
2253
2245
2239
2231
2224
2215
2208
2200
2191
2185
2177
2169
2161
2153
2147
2139
2132
2124
2115
2108
2100
2093
2085
2077
2071
2062
2056
