Sampling rate=500
1954
1954
1953
1953
1952
1950
1949
1950
1949
1947
1944
1943
1940
1939
1937
1934
1932
1929
1924
1921
1918
1914
1909
1905
1900
1894
1889
1885
1881
1876
1870
1865
1859
1854
1849
1842
1837
1832
1827
1820
1815
1812
1808
1803
1800
1793
1791
1789
1785
1782
1780
1778
1776
1776
1774
1773
1772
1772
1771
1770
1770
1769
1769
1768
1767
1769
1769
1768
1766
1765
1765
1765
1763
1761
1760
1757
1756
1755
1753
1750
1748
1745
1745
1743
1740
1738
1734
1733
1731
1729
1727
1724
1724
1723
1721
1720
1718
1716
1715
1716
1714
1713
1712
1712
1710
1707
1707
1705
1704
1703
1699
1698
1696
1693
1691
1688
1685
1684
1681
1678
1676
1673
1670
1667
1667
1665
1663
1661
1659
1657
1656
1656
1655
1655
1655
1653
1656
1658
1660
1663
1665
1671
1676
1683
1690
1699
1708
1721
1734
1748
1764
1779
1796
1815
1834
1855
1876
1896
1919
1943
1966
1989
2011
2036
2060
2082
2105
2128
2149
2171
2192
2212
2232
2249
2269
2286
2303
2318
2333
2344
2359
2371
2381
2391
2400
2409
2416
2424
2430
2435
2441
2444
2449
2453
2457
2461
2464
2466
2469
2472
2475
2478
2480
2483
2485
2488
2489
2491
2493
2495
2497
2498
2499
2499
2501
2501
2501
2501
2500
2497
2497
2496
2493
2490
2486
2484
2480
2477
2472
2467
2464
2459
2453
2448
2441
2437
2431
2425
2419
2413
2405
2399
2393
2387
2380
2373
2366
2358
2352
2344
2336
2329
2320
2313
2305
2296
2288
2279
2272
2261
2253
2244
2233
2227
2217
2208
2198
2192
2181
2173
2165
2157
2149
2140
2133
2128
2119
2113
2107
2101
2097
2092
2087
2081
2080
2074
2071
2067
2064
2059
2057
2053
2050
2046
2042
2040
2035
2032
2028
2024
2019
2016
2011
2007
2001
1999
1993
1989
1985
1980
1975
1972
1968
1964
1960
1957
1953
1949
1947
1944
1940
1937
1935
1933
1929
1927
1922
1920
1919
1915
1912
1909
1905
1904
1903
1900
1897
1894
1891
1889
1888
1885
1882
1880
1880
1877
1876
1873
1873
1872
1870
1869
1869
1867
1866
1865
1864
1861
1861
1860
1859
1857
1855
1856
1853
1852
1849
1849
1847
1844
1842
1840
1839
1836
1832
1831
1828
1825
1824
1818
1817
1813
1810
1809
1805
1801
1800
1798
1794
1793
1791
1788
1787
1784
1783
1781
1780
1777
1776
1776
1776
1773
1771
1772
1770
1769
1768
1765
1763
1764
1761
1760
1758
1757
1755
1753
1751
1748
1749
1747
1745
1742
1742
1741
1740
1739
1737
1739
1738
1737
1737
1737
1737
1740
1741
1741
1742
1741
1745
1745
1746
1747
1746
1748
1749
1748
1749
1748
1745
1747
1745
1744
1744
1741
1739
1739
1737
1735
1733
1729
1729
1726
1724
1721
1721
1719
1716
1715
1712
1712
1709
1707
1706
1703
1704
1703
1701
1701
1700
1701
1703
1705
1708
1712
1714
1721
1728
1737
1744
1757
1769
1782
1797
1811
1831
1848
1868
1888
1907
1931
1952
1974
1997
2018
2043
2067
2089
2111
2133
2155
2175
2196
2216
2233
2253
2270
2288
2302
2318
2333
2347
2360
2373
2384
2396
2407
2417
2425
2435
2443
2452
2459
2466
2473
2480
2485
2490
2496
2499
2504
2507
2509
2513
2515
2517
2520
2521
2522
2523
2523
2523
2523
2522
2522
2521
2520
2519
2517
2515
2514
2512
2509
2508
2505
2502
2499
2497
2493
2490
2487
2482
2479
2475
2471
2467
2462
2456
2452
2448
2442
2436
2431
2424
2420
2413
2408
2402
2396
2389
2384
2377
2371
2363
2357
2351
2343
2337
2328
2323
2316
2308
2300
2292
2285
2277
2269
2261
2252
2245
2237
2229
2220
2212
2203
2197
2189
2180
2171
2165
2157
2150
2144
2136
2129
2123
2117
2110
2105
2100
2096
2089
2085
2080
2076
2073
2069
2065
2061
2059
2056
2053
2049
2048
2045
2042
2040
2036
2033
2032
2027
2024
2019
2018
2015
2009
2006
2002
1997
1993
1990
1985
1981
1977
1971
1969
1965
1961
1957
1953
1948
1946
1942
1939
1936
1933
1929
1929
1926
1924
1921
1919
1917
1915
1913
1912
1911
1907
1905
1901
1900
1899
1896
1893
1890
1885
1884
1880
1876
1872
1867
1863
1857
1855
1851
1847
1843
1840
1835
1830
1828
1824
1821
1816
1813
1813
1809
1808
1805
1803
1801
1800
1798
1796
1795
1792
1791
1788
1785
1784
1783
1780
1778
1776
1773
1769
1767
1765
1761
1758
1755
1751
1747
1745
1742
1738
1736
1733
1730
1728
1725
1723
1720
1719
1715
1715
1713
1712
1711
1709
1708
1708
1706
1706
1704
1704
1701
1701
1700
1699
1697
1696
1694
1693
1693
1692
1690
1688
1687
1684
1683
1682
1680
1680
1677
1677
1676
1675
1673
1672
1669
1669
1668
1665
1665
1663
1661
1659
1659
1656
1655
1654
1652
1650
1648
1645
1645
1643
1640
1639
1637
1635
1635
1632
1631
1629
1628
1625
1625
1624
1624
1624
1624
1624
1624
1628
1632
1635
1640
1646
1653
1660
1669
1680
1693
1706
1721
1735
1753
1771
1789
1809
1829
1848
1870
1892
1913
1936
1957
1977
2001
2023
2044
2064
2085
2105
2123
2144
2161
2177
2194
2209
2225
2240
2253
2266
2279
2290
2299
2311
2320
2329
2337
2345
2352
2358
2366
2372
2376
2381
2386
2389
2393
2397
2400
2403
2405
2407
2410
2411
2413
2413
2416
2416
2417
2416
2417
2416
2416
2416
2415
2414
2411
2411
2409
2408
2404
2403
2400
2397
2394
2389
2387
2382
2378
2373
2369
2363
2358
2354
2348
2342
2336
2329
2325
2318
2312
2305
2298
2293
2288
2280
2273
2266
2258
2251
2245
2238
2230
2223
2216
2208
2200
2192
2183
2175
2167
2160
2152
2144
2136
2128
2120
2113
2107
2099
2093
2087
2081
2075
2069
2065
2059
2055
2049
2044
2040
2036
2032
2028
2024
2018
2017
2012
2008
2004
2000
1995
1992
1988
1983
1978
1973
1968
1967
1963
1958
1955
1951
1947
1944
1940
1937
1933
1929
1928
1926
1923
1921
1917
1916
1914
1912
1909
1907
1904
1900
1899
1896
1893
1891
1889
1888
1884
1881
1879
1876
1872
1869
1868
1865
1863
1861
1857
1857
1857
1856
1853
1852
1851
1849
1849
1848
1848
1847
1846
1844
1845
1844
1843
1842
1840
1840
1838
1836
1835
1831
1831
1829
1827
1825
1824
1819
1818
1817
1815
1812
1809
1808
1805
1803
1801
1800
1797
1795
1793
1790
1789
1788
1785
1781
1780
1777
1776
1773
1771
1768
1765
1764
1761
1757
1755
1752
1749
1744
1742
1739
1733
1733
1729
1728
1725
1720
1720
1717
1715
1712
1711
1710
1709
1708
1707
1705
1707
1708
1709
1709
1712
1711
1714
1715
1717
1717
1721
1723
1725
1728
1728
1729
1732
1733
1733
1733
1736
1736
1736
1736
1736
1735
1736
1735
1733
1733
1732
1729
1729
1726
1724
1721
1717
1716
1715
1712
1709
1706
1703
1702
1700
1697
1696
1692
1691
1688
1685
1685
1684
1681
1680
1678
1675
1675
1673
1671
1669
1665
1665
1664
1661
1661
1657
1657
1656
1656
1654
1653
1650
1653
1652
1652
1652
1652
1652
1655
1657
1659
1660
1661
1666
1669
1672
1675
1677
1683
1687
1691
1696
1699
1702
1707
1712
1716
1720
1724
1727
1729
1733
1736
1739
1739
1744
1745
1747
1748
1748
1750
1752
1751
1751
1750
1751
1751
1749
1748
1748
1745
1745
1745
1744
1743
1741
1739
1737
1735
1736
1733
1732
1729
1729
1728
1727
1725
1724
1721
1723
1721
1720
1718
1717
1717
1717
1717
1717
1716
1717
1717
1718
1718
1717
1719
1719
1721
1721
1722
1721
1724
1725
1727
1728
1728
1728
1731
1731
1733
1732
1735
1736
1736
1737
1737
1738
1739
1739
1739
1737
1739
1737
1737
1737
1734
1735
1735
1733
1733
1730
1731
1729
1727
1725
1723
1723
1721
1720
1717
1717
1716
1715
1713
1712
1709
1709
1707
1705
1704
1701
1701
1700
1699
1697
1696
1695
1695
1692
1689
1691
1689
1687
1688
1686
1686
1683
1685
1684
1684
1683
1681
1682
1681
1680
1680
1680
1678
1677
1677
1676
1675
1676
1675
1675
1674
1673
1673
1671
1671
1669
1669
1669
1668
1668
1667
1665
1665
1664
1663
1661
1659
1659
1657
1655
1653
1650
1649
1648
1645
1640
1639
1637
1634
1632
1628
1625
1623
1620
1617
1614
1611
1610
1608
1605
1603
1603
1601
1600
1597
1595
1597
1596
1595
1592
1595
1594
1593
1593
1592
1592
1592
1592
1592
1592
1590
1589
1592
1592
1592
1592
1591
1593
1593
1593
1593
1593
1596
1596
1597
1598
1598
1601
1603
1604
1605
1606
1606
1608
1611
1612
1614
1616
1616
1619
1619
1621
1623
1624
1623
1625
1626
1628
1628
1629
1632
1633
1633
1633
1636
1637
1639
1639
1641
1643
1643
1645
1648
1648
1651
1652
1653
1653
1656
1656
1656
1656
1657
1657
1657
1659
1660
1660
1660
1660
1659
1661
1663
1663
1663
1663
1665
1665
1665
1668
1667
1670
1671
1673
1675
1676
1679
1682
1684
1688
1691
1693
1699
1704
1709
1716
1723
1731
1740
1750
1761
1775
1787
1803
1820
1840
1857
1881
1904
1928
1952
1977
2003
2030
2057
2085
2112
2140
2169
2197
2225
2251
2280
2305
2332
2357
2380
2405
2429
2451
2472
2493
2515
2533
2552
2569
2585
2601
2617
2631
2643
2656
2667
2679
2689
2699
2707
2717
2724
2732
2738
2744
2750
2754
2759
2763
2766
2770
2773
2775
2777
2779
2780
2781
2782
2782
2782
2780
2781
2780
2779
2776
2775
2772
2769
2767
2763
2760
2755
2750
2745
2739
2733
2728
2721
2713
2705
2699
2691
2683
2674
2665
2657
2648
2637
2628
2619
2609
2600
2590
2580
2571
2561
2552
2542
2533
2524
2515
2506
2496
2487
2480
2471
2462
2454
2445
2438
2430
2423
2414
2407
2400
2392
2384
2376
2371
2364
2357
2352
2345
2339
2333
2328
2322
2316
2311
2306
2301
2297
2292
2288
2284
2280
2275
2272
2265
2263
2259
2253
2249
2244
2239
2236
2232
2227
2223
2218
2213
2209
2206
2201
2198
2194
2190
2187
2184
2182
2179
2177
2175
2173
2172
2171
2169
2167
2167
2165
2165
2163
2163
2161
2160
2160
2159
2156
2155
2153
2151
2148
2145
2144
2139
2137
2135
2131
2128
2125
2121
2119
2116
2113
2110
2106
2103
2101
2099
2096
2093
2089
2087
2085
2082
2080
2076
2073
2069
2067
2064
2061
2058
2054
2053
2050
2046
2044
2041
2037
2035
2032
2029
2027
2024
2021
2020
2017
2016
2013
2011
2007
2007
2005
2003
2001
1998
1998
1997
1995
1994
1992
1991
1988
1985
1985
1982
1980
1977
1975
1974
1971
1969
1965
1963
1961
1958
1955
1952
1949
1946
1944
1941
1939
1936
1935
1933
1932
1930
1927
1928
1927
1926
1925
1924
1922
1923
1923
1921
1920
1919
1919
1917
1916
1914
1912
1912
1908
1906
1901
1901
1898
1895
1892
1889
1885
1883
1880
1876
1873
1869
1867
1864
1861
1859
1856
1853
1849
1849
1846
1844
1841
1840
1837
1834
1834
1833
1831
1828
1829
1827
1827
1824
1824
1824
1824
1824
1824
1821
1822
1823
1824
1824
1824
1825
1826
1827
1829
1830
1834
1837
1841
1845
1851
1857
1865
1872
1882
1892
1904
1916
1928
1943
1957
1972
1989
2007
2024
2043
2060
2080
2100
2119
2138
2157
2176
2194
2213
2231
2249
2265
2281
2297
2313
2328
2341
2355
2368
2379
2390
2403
2413
2423
2431
2441
2449
2458
2465
2472
2480
2487
2493
2499
2504
2509
2515
2521
2525
2530
2533
2537
2541
2545
2547
2550
2552
2554
2556
2557
2558
2558
2558
2559
2560
2557
2557
2556
2554
2551
2549
2547
2544
2540
2536
2531
2529
2524
2519
2515
2509
2503
2499
2493
2487
2481
2475
2468
2464
2458
2451
2445
2439
2433
2425
2419
2413
2406
2400
2392
2385
2380
2373
2365
2358
2349
2344
2336
2326
2320
2311
2303
2293
2286
2278
2268
2261
2253
2244
2237
2228
2219
2212
2204
2197
2189
2183
2175
2168
2161
2156
2150
2145
2139
2132
2129
2125
2120
2116
2112
2107
2105
2103
2100
2097
2093
2092
2090
2088
2085
2084
2081
2080
2077
2076
2073
2071
2070
2068
2065
2064
2061
2057
2057
2055
2052
2049
2047
2043
2042
2039
2037
2034
2032
2028
2027
2024
2022
2020
2016
2015
2014
2012
2010
2009
2007
2005
2004
2002
2001
2000
1997
1997
1996
1994
1993
1992
1991
1989
1989
1987
1987
1985
1986
1985
1984
1983
1982
1981
1981
1981
1981
1980
1977
1978
1977
1976
1975
1973
1971
1972
1969
1968
1966
1964
1960
1960
1957
1954
1952
1949
1946
1942
1941
1940
1937
1934
1932
1931
1928
1928
1925
1924
1921
1921
1920
1919
1918
1917
1915
1915
1914
1912
1912
1909
1909
1908
1905
1904
1901
1900
1897
1895
1893
1891
1888
1885
1883
1880
1877
1875
1872
1869
1867
1865
1863
1861
1858
1858
1857
1856
1854
1853
1851
1852
1852
1850
1850
1850
1849
1849
1849
1849
1848
1846
1847
1847
1845
1844
1842
1840
1840
1837
1835
1832
1827
1827
1823
1818
1815
1809
1808
1803
1800
1796
1791
1788
1785
1781
1779
1774
1773
1771
1770
1768
1767
1768
1768
1769
1771
1773
1778
1782
1788
1793
1802
1810
1821
1832
1844
1857
1872
1888
1904
1919
1939
1957
1977
1997
2016
2037
2058
2080
2100
2120
2140
2161
2181
2200
2219
2236
2256
2272
2288
2303
2317
2331
2344
2357
2368
2378
2389
2398
2406
2413
2421
2427
2433
2438
2443
2448
2452
2457
2461
2464
2467
2468
2472
2474
2476
2478
2480
2480
2483
2484
2484
2485
2486
2485
2486
2485
2484
2484
2482
2481
2480
2478
2475
2473
2469
2468
2465
2461
2458
2453
2449
2445
2440
2435
2429
2424
2418
2412
2405
2400
2392
2384
2379
2371
2363
2356
2348
2340
2333
2325
2317
2309
2301
2293
2285
2277
2269
2261
2253
2244
2236
2228
2219
2211
2203
2193
2187
2177
2168
2160
2152
2142
2133
2124
2116
2108
2099
2092
2083
2074
2068
2061
2053
2047
2041
2033
2029
2023
2019
2014
2009
2005
2001
1998
1995
1990
1989
1987
1984
1981
1977
1977
1976
1974
1972
1970
1968
1968
1966
1964
1962
1959
1959
1957
1954
1952
1948
1947
1945
1941
1938
1936
1930
1928
1925
1921
1917
1913
1911
1907
1904
1900
1897
1893
1889
1886
1882
1881
1877
1875
1873
1872
1867
1867
1865
1864
1864
1861
1860
1861
1861
1860
1860
1859
1859
1860
1861
1861
1861
1862
1861
1864
1864
1864
1864
1865
1865
1866
1865
1867
1867
1865
1864
1866
1865
1864
1863
1861
1857
1857
1856
1855
1853
1850
1846
1845
1843
1840
1837
1834
1832
1828
1828
1825
1824
1821
1820
1818
1818
1817
1816
1816
1815
1813
1815
1814
1814
1814
1814
1813
1814
1813
1812
1810
1810
1809
1808
1805
1802
1801
1799
1796
1793
1790
1787
1785
1783
1779
1776
1773
1771
1768
1765
1764
1762
1761
1760
1756
1757
1757
1756
1756
1753
1756
1755
1755
1756
1755
1758
1757
1760
1760
