Sampling rate=500
1908
1905
1903
1900
1897
1895
1892
1890
1888
1884
1884
1881
1880
1877
1875
1873
1869
1869
1867
1864
1863
1860
1857
1855
1851
1848
1845
1843
1841
1837
1835
1832
1829
1827
1824
1820
1819
1816
1814
1812
1809
1809
1807
1806
1805
1804
1804
1804
1803
1804
1804
1803
1805
1807
1805
1809
1809
1809
1812
1812
1811
1813
1813
1812
1813
1812
1812
1811
1811
1809
1809
1808
1807
1806
1805
1803
1803
1801
1800
1800
1799
1797
1797
1797
1795
1795
1793
1793
1792
1790
1789
1786
1785
1784
1781
1780
1778
1776
1773
1773
1771
1768
1767
1764
1761
1760
1757
1753
1752
1750
1747
1745
1744
1741
1739
1737
1735
1734
1733
1732
1729
1729
1728
1728
1728
1727
1728
1727
1729
1729
1731
1732
1733
1736
1737
1739
1741
1741
1745
1748
1749
1753
1755
1757
1760
1762
1764
1767
1769
1770
1772
1774
1776
1777
1779
1781
1781
1783
1784
1785
1785
1787
1787
1788
1789
1789
1789
1791
1792
1792
1792
1793
1793
1793
1793
1793
1795
1794
1793
1794
1793
1793
1792
1792
1791
1789
1788
1786
1785
1785
1782
1783
1781
1777
1779
1777
1775
1776
1774
1773
1772
1772
1773
1771
1771
1771
1772
1772
1772
1773
1773
1773
1773
1773
1775
1776
1776
1776
1777
1776
1777
1778
1777
1777
1779
1778
1777
1780
1779
1779
1780
1781
1781
1781
1781
1781
1781
1781
1781
1781
1780
1782
1782
1781
1782
1781
1781
1781
1779
1781
1780
1779
1780
1778
1777
1778
1777
1777
1776
1776
1776
1773
1772
1772
1772
1772
1770
1769
1769
1767
1767
1767
1767
1766
1764
1765
1764
1761
1763
1761
1760
1761
1761
1759
1760
1760
1757
1758
1757
1755
1756
1756
1754
1755
1753
1753
1753
1753
1753
1752
1751
1751
1750
1749
1747
1747
1745
1746
1744
1744
1744
1741
1740
1740
1739
1736
1736
1735
1732
1733
1731
1729
1729
1728
1727
1728
1726
1725
1725
1725
1723
1723
1723
1723
1723
1722
1721
1722
1723
1723
1722
1722
1722
1723
1722
1722
1723
1723
1723
1723
1724
1724
1724
1724
1724
1725
1726
1725
1726
1725
1727
1727
1727
1728
1727
1729
1728
1729
1729
1731
1731
1732
1732
1732
1734
1735
1735
1737
1739
1739
1741
1741
1741
1744
1744
1745
1746
1747
1749
1750
1749
1752
1753
1753
1756
1757
1757
1758
1760
1761
1763
1761
1765
1766
1767
1768
1769
1771
1772
1773
1776
1776
1776
1779
1780
1779
1782
1783
1783
1785
1785
1785
1787
1787
1787
1787
1785
1787
1786
1788
1786
1787
1787
1785
1785
1784
1784
1784
1781
1784
1785
1783
1785
1785
1785
1785
1788
1788
1787
1790
1790
1789
1792
1794
1794
1799
1801
1806
1812
1818
1824
1834
1845
1856
1872
1888
1904
1925
1946
1969
1995
2020
2047
2075
2104
2132
2161
2192
2222
2251
2283
2313
2342
2372
2401
2429
2457
2484
2509
2533
2557
2581
2601
2622
2642
2661
2678
2694
2708
2723
2736
2748
2760
2770
2779
2788
2796
2804
2811
2817
2823
2829
2834
2839
2842
2848
2852
2855
2859
2862
2865
2868
2871
2873
2874
2877
2877
2879
2878
2879
2878
2877
2875
2873
2870
2868
2864
2860
2855
2849
2844
2837
2830
2823
2816
2807
2800
2791
2783
2773
2765
2756
2747
2738
2729
2720
2711
2702
2692
2684
2676
2666
2659
2649
2641
2633
2625
2616
2608
2600
2592
2583
2576
2567
2557
2551
2542
2533
2526
2517
2509
2502
2493
2485
2478
2470
2462
2455
2449
2442
2435
2429
2423
2417
2412
2407
2401
2397
2391
2386
2381
2377
2373
2369
2364
2359
2354
2350
2345
2340
2336
2331
2324
2320
2316
2311
2305
2299
2295
2288
2284
2279
2273
2268
2263
2257
2252
2248
2243
2237
2233
2229
2224
2221
2216
2211
2209
2203
2200
2196
2193
2189
2185
2182
2179
2175
2173
2169
2167
2164
2161
2158
2156
2153
2151
2147
2146
2144
2141
2140
2138
2134
2133
2129
2128
2125
2123
2118
2117
2114
2112
2108
2105
2101
2100
2096
2093
2090
2087
2084
2081
2080
2076
2073
2072
2069
2065
2065
2064
2061
2058
2056
2055
2051
2050
2048
2044
2043
2040
2036
2035
2031
2026
2024
2020
2016
2013
2008
2004
2001
1997
1993
1989
1985
1981
1976
1974
1970
1966
1964
1961
1957
1956
1953
1952
1948
1946
1943
1941
1939
1936
1936
1932
1931
1928
1926
1923
1921
1919
1916
1914
1910
1909
1906
1904
1903
1900
1897
1896
1895
1891
1892
1891
1888
1888
1888
1886
1885
1884
1884
1884
1883
1881
1881
1880
1880
1879
1877
1875
1873
1871
1868
1866
1863
1861
1857
1854
1851
1847
1844
1840
1835
1832
1828
1823
1820
1817
1812
1810
1807
1803
1801
1796
1795
1792
1789
1789
1785
1785
1784
1781
1782
1781
1781
1784
1784
1784
1788
1792
1794
1801
1808
1812
1822
1832
1841
1855
1868
1880
1897
1912
1928
1947
1964
1981
2003
2022
2041
2063
2082
2101
2124
2144
2162
2183
2202
2220
2240
2257
2273
2292
2308
2322
2339
2353
2367
2381
2393
2404
2416
2426
2435
2445
2453
2459
2469
2475
2480
2487
2492
2495
2499
2503
2505
2509
2512
2513
2516
2517
2519
2521
2522
2523
2523
2525
2525
2526
2528
2528
2528
2529
2530
2530
2532
2531
2531
2532
2531
2531
2531
2529
2528
2525
2524
2522
2519
2517
2513
2509
2506
2501
2497
2492
2487
2481
2476
2471
2465
2459
2453
2448
2441
2436
2431
2423
2419
2412
2405
2400
2394
2387
2381
2375
2369
2361
2355
2347
2339
2333
2324
2316
2308
2300
2292
2285
2275
2266
2259
2249
2243
2234
2227
2220
2213
2205
2200
2194
2187
2183
2177
2173
2169
2164
2160
2157
2153
2148
2146
2144
2139
2137
2135
2130
2128
2125
2121
2119
2115
2111
2107
2103
2098
2095
2090
2086
2082
2077
2073
2069
2064
2059
2056
2051
2045
2043
2038
2034
2032
2029
2025
2021
2019
2016
2013
2011
2009
2005
2005
2003
2002
2000
2000
1998
1997
1995
1993
1992
1991
1989
1987
1987
1985
1984
1982
1981
1979
1978
1977
1975
1973
1972
1969
1968
1968
1964
1964
1962
1960
1958
1957
1953
1953
1952
1948
1947
1945
1941
1941
1938
1936
1935
1932
1930
1927
1925
1923
1919
1919
1915
1913
1912
1909
1905
1905
1904
1899
1898
1895
1893
1891
1888
1886
1884
1881
1879
1877
1875
1872
1870
1868
1866
1864
1861
1859
1857
1853
1852
1849
1847
1845
1843
1840
1838
1836
1833
1831
1829
1825
1824
1821
1818
1817
1815
1812
1812
1810
1808
1808
1806
1805
1805
1803
1803
1801
1803
1802
1801
1803
1804
1803
1804
1804
1803
1805
1804
1803
1805
1804
1803
1803
1803
1801
1801
1800
1797
1797
1795
1794
1791
1790
1788
1785
1784
1781
1778
1777
1776
1772
1771
1768
1766
1765
1763
1762
1761
1761
1761
1761
1764
1767
1769
1776
1781
1787
1795
1804
1813
1826
1841
1853
1871
1888
1904
1923
1943
1962
1984
2004
2025
2048
2069
2090
2114
2136
2157
2178
2199
2219
2237
2258
2276
2293
2311
2327
2341
2358
2372
2384
2398
2410
2421
2433
2442
2450
2460
2468
2475
2484
2490
2496
2504
2509
2515
2521
2526
2531
2535
2540
2544
2548
2553
2557
2560
2564
2567
2569
2573
2576
2576
2579
2580
2581
2582
2583
2582
2583
2581
2579
2579
2578
2574
2572
2569
2565
2561
2557
2552
2548
2542
2537
2531
2525
2519
2513
2507
2499
2494
2487
2479
2474
2467
2459
2454
2448
2440
2435
2429
2421
2416
2408
2401
2396
2389
2381
2376
2369
2362
2356
2349
2341
2336
2328
2320
2313
2304
2299
2291
2284
2276
2269
2261
2256
2248
2241
2235
2228
2223
2216
2212
2205
2201
2196
2192
2187
2182
2178
2174
2169
2167
2163
2159
2156
2153
2149
2146
2144
2141
2137
2132
2130
2127
2122
2119
2115
2111
2107
2104
2099
2096
2091
2087
2081
2077
2073
2067
2064
2059
2055
2049
2044
2040
2036
2031
2028
2023
2019
2016
2012
2007
2006
2003
2000
1998
1997
1994
1993
1992
1992
1991
1991
1991
1990
1990
1991
1991
1991
1992
1992
1993
1993
1995
1994
1995
1994
1993
1993
1992
1991
1989
1987
1985
1984
1981
1977
1976
1972
1968
1966
1962
1957
1955
1952
1947
1944
1939
1936
1932
1929
1925
1922
1919
1915
1911
1908
1905
1901
1899
1897
1892
1892
1889
1886
1884
1881
1877
1876
1873
1871
1869
1867
1863
1861
1859
1856
1856
1853
1851
1848
1847
1845
1842
1840
1837
1836
1835
1831
1831
1829
1825
1825
1824
1820
1820
1817
1816
1815
1812
1810
1809
1808
1805
1803
1801
1800
1799
1797
1795
1793
1792
1789
1787
1786
1785
1782
1780
1779
1776
1774
1772
1768
1767
1763
1759
1757
1753
1749
1747
1744
1739
1737
1735
1729
1728
1725
1721
1721
1719
1715
1715
1714
1712
1714
1714
1712
1715
1716
1715
1719
1721
1720
1725
1728
1732
1737
1741
1747
1753
1760
1767
1776
1784
1795
1807
1818
1832
1845
1862
1877
1893
1912
1928
1947
1965
1984
2004
2023
2041
2063
2081
2099
2120
2137
2155
2174
2190
2208
2222
2238
2252
2267
2280
2291
2305
2315
2326
2336
2345
2354
2362
2369
2376
2382
2389
2395
2400
2405
2408
2412
2417
2420
2422
2426
2428
2430
2431
2434
2435
2438
2439
2440
2440
2442
2442
2443
2443
2442
2443
2441
2441
2439
2439
2438
2437
2433
2432
2429
2425
2422
2417
2414
2409
2405
2400
2393
2388
2383
2377
2369
2362
2356
2348
2341
2333
2326
2317
2311
2302
2293
2287
2279
2270
2263
2254
2245
2237
2229
2221
2213
2205
2197
2189
2181
2172
2163
2156
2148
2139
2132
2124
2116
2108
2100
2093
2085
2078
2069
2062
2057
2049
2041
2036
2030
2023
2019
2012
2006
2003
1997
1992
1989
1985
1981
1977
1974
1970
1967
1965
1962
1960
1957
1955
1953
1952
1949
1946
1945
1943
1940
1939
1937
1933
1933
1930
1927
1926
1924
1920
1919
1916
1912
1910
1907
1904
1901
1899
1896
1891
1890
1888
1884
1883
1881
1876
1876
1874
1872
1872
1869
1867
1867
1866
1864
1865
1863
1861
1862
1861
1861
1860
1860
1859
1859
1859
1857
1858
1859
1856
1857
1856
1855
1856
1856
1854
1855
1853
1853
1853
1851
1851
1849
1849
1847
1846
1844
1843
1841
1840
1837
1835
1832
1829
1827
1822
1821
1819
1815
1811
1808
1805
1801
1798
1795
1792
1789
1785
1784
1780
1777
1776
1773
1771
1770
1768
1765
1764
1763
1761
1761
1760
1756
1757
1755
1753
1753
1752
1749
1748
1747
1744
1744
1741
1739
1737
1735
1732
1731
1729
1725
1724
1721
1719
1715
1714
1712
1710
1708
1705
1705
1703
1700
1700
1697
1693
1696
1693
1689
1690
1688
1687
1685
1683
1681
1680
1678
1674
1674
1672
1668
1669
1667
1664
1664
1661
1660
1659
1657
1656
1656
1655
1653
1653
1653
1652
1653
1653
1653
1654
1655
1656
1657
1657
1659
1661
1663
1666
1669
1672
1677
1682
1688
1696
1703
1712
1721
1731
1745
1757
1772
1785
1803
1819
1837
1856
1873
1893
1912
1933
1952
1973
1993
2014
2033
2053
2073
2093
2113
2131
2149
2168
2185
2201
2217
2233
2248
2263
2276
2289
2302
2314
2325
2337
2346
2356
2365
2373
2380
2387
2393
2398
2405
2409
2413
2416
2419
2421
2423
2424
2426
2427
2426
2427
2427
2426
2426
2425
2424
2424
2423
2421
2422
2419
2417
2417
2416
2413
2412
2410
2407
2406
2403
2400
2397
2394
2388
2386
2381
2375
2371
2365
2359
2354
2347
2340
2334
2326
2318
2311
2303
2294
2288
2278
2269
2262
2253
2244
2237
2228
2220
2212
2204
2196
2187
2178
2172
2163
2154
2147
2140
2131
2125
2117
2109
2103
2096
2089
2082
2076
2070
2065
2058
2054
2049
2044
2041
2036
2033
2029
2024
2023
2019
2016
2013
2011
2009
2006
2005
2003
2000
1997
1996
1993
1992
1989
1988
1986
1985
1982
1981
1978
1977
1976
1973
1972
1971
1968
1968
1966
1965
1964
1963
1962
1961
1961
1960
1960
1959
1956
1957
1956
1956
1955
1953
1954
1954
1953
1953
1953
1953
1953
1952
1952
1952
1951
1952
1950
1952
1951
1949
1950
1948
1950
1949
1948
1948
1947
1946
1945
1943
1944
1942
1941
1940
1938
1938
1936
1936
1933
1932
1931
1929
1927
1927
1926
1925
1925
1922
1923
1921
1922
1921
1919
1919
1918
1918
1917
1916
1916
1915
1912
1913
1912
1910
1909
1905
1905
1904
1901
1899
1896
1895
1892
1889
1888
1884
1881
1878
1875
1872
1869
1867
1863
1859
1857
1855
1852
1849
1846
1845
1842
1840
1840
1836
1836
1835
1835
1833
1834
1833
1834
1834
1834
1835
1836
1836
1837
1837
1839
1838
1837
1840
1840
1839
1840
1840
1841
1841
1840
1841
1840
1841
1841
1841
1840
1842
1842
1840
1841
1841
1837
1838
1837
1834
1834
1832
1829
1829
1827
1824
1823
1821
1819
1816
1813
1812
1811
1808
1806
1804
1802
1801
1800
1799
1797
1793
1793
1792
1791
1789
1786
1787
1785
1783
1784
1783
1783
1783
1783
1783
1783
1781
1784
1784
1784
1786
1788
1789
1792
1794
1796
1798
1799
1803
1804
1806
1809
1809
1813
1813
1815
1817
1818
1820
1821
1821
1824
1824
1822
1824
1824
1822
1825
1824
1823
1825
1824
1825
1824
1824
1824
1824
1824
1824
1823
1824
1822
1821
1822
1821
1819
1820
1819
1816
1817
1815
1814
1812
1810
1809
1806
1804
1802
1800
1797
1795
1791
1789
1785
1783
1780
1777
1775
1770
1765
1765
1761
1757
1756
1753
1751
1748
1744
1744
1741
1737
1738
1736
1735
1735
1733
1733
1732
1731
1732
1731
1730
1732
1733
1731
1733
1733
1733
1735
1735
1735
1736
1736
1735
1735
1735
1733
1733
1731
1731
1729
1725
1725
1723
1721
1718
1715
1713
1709
1707
1703
1698
1697
1693
1689
1688
1684
1681
1677
1673
1672
1668
1663
1663
1660
1656
1655
1652
1651
1648
1645
1645
1643
1639
1639
1637
1635
1635
1633
1632
1632
1627
1628
1626
1624
1624
1623
1621
1620
1617
1617
1616
1616
1613
1613
1611
1611
1609
1609
1607
1608
1605
1605
1604
1605
1603
1603
1603
1601
1601
1601
1600
1598
1597
1595
1595
1592
1592
1589
1589
1585
1586
1585
1581
1581
1578
1577
1576
1572
1572
1571
1569
1568
1567
1566
1564
1561
1563
1561
1560
1560
1559
1560
1559
1557
1558
1557
1557
1557
1557
1557
1557
1557
1557
1557
1556
1557
1556
1555
1557
1557
1559
1559
1559
1560
1561
1561
1563
1563
1562
1564
1566
1567
1569
1570
1571
1574
1576
1576
1580
1581
1581
1586
1588
1591
1593
1597
1599
1603
1605
1608
1611
1613
1616
1617
1621
1622
1625
1627
1628
1632
1632
1633
1635
1636
1635
1637
1637
1637
1640
1641
1640
1643
1644
1645
1646
1648
1649
1649
1651
1652
1653
1655
1657
1658
1659
1661
1661
1664
1665
1664
1668
1669
1668
1671
1671
1672
