Sampling rate=500
2333
2320
2309
2297
2284
2273
2262
2249
2239
2229
2216
2206
2195
2182
2173
2162
2152
2140
2130
2120
2109
2100
2089
2080
2068
2059
2048
2039
2028
2019
2009
2000
1992
1982
1973
1965
1956
1948
1939
1931
1924
1917
1909
1901
1896
1889
1881
1876
1871
1865
1859
1854
1849
1845
1840
1837
1833
1829
1825
1824
1820
1817
1815
1813
1809
1809
1808
1808
1804
1805
1804
1804
1803
1804
1804
1803
1804
1804
1805
1805
1806
1807
1808
1808
1809
1810
1811
1812
1813
1814
1815
1816
1816
1817
1815
1817
1817
1817
1817
1817
1817
1814
1814
1814
1813
1812
1810
1809
1808
1805
1805
1803
1801
1799
1799
1797
1796
1793
1793
1793
1791
1791
1791
1789
1789
1790
1791
1791
1791
1792
1792
1792
1793
1794
1795
1796
1797
1797
1799
1800
1801
1801
1801
1803
1803
1804
1802
1803
1803
1803
1803
1803
1802
1801
1801
1800
1799
1797
1796
1794
1793
1792
1791
1790
1789
1786
1785
1786
1785
1785
1784
1783
1781
1782
1783
1783
1784
1783
1784
1785
1787
1787
1787
1789
1791
1793
1792
1795
1796
1797
1797
1800
1801
1802
1803
1804
1806
1808
1809
1812
1815
1821
1827
1834
1843
1851
1864
1876
1891
1905
1925
1943
1965
1987
2011
2037
2064
2089
2119
2147
2175
2204
2232
2260
2286
2312
2338
2362
2386
2406
2428
2447
2464
2481
2497
2512
2524
2536
2548
2560
2569
2578
2586
2593
2600
2605
2610
2613
2616
2619
2621
2620
2620
2618
2616
2614
2608
2604
2599
2592
2585
2577
2568
2560
2549
2539
2529
2517
2507
2496
2485
2472
2460
2448
2436
2424
2412
2400
2387
2375
2363
2352
2339
2328
2317
2306
2296
2283
2275
2265
2253
2245
2235
2226
2217
2208
2199
2190
2182
2172
2165
2156
2147
2136
2129
2120
2112
2103
2092
2085
2076
2067
2059
2050
2041
2030
2022
2013
2005
1997
1987
1979
1970
1961
1953
1945
1937
1929
1919
1912
1905
1897
1890
1882
1876
1867
1861
1856
1849
1842
1837
1833
1829
1824
1820
1818
1815
1814
1812
1812
1811
1809
1811
1811
1813
1814
1816
1818
1819
1824
1825
1829
1832
1835
1837
1840
1843
1846
1848
1849
1852
1856
1857
1858
1861
1863
1864
1863
1865
1865
1865
1864
1865
1865
1864
1865
1864
1864
1861
1861
1861
1859
1858
1857
1857
1855
1856
1855
1854
1851
1852
1851
1851
1849
1848
1848
1847
1844
1845
1843
1841
1840
1838
1837
1834
1833
1831
1829
1825
1825
1822
1819
1817
1815
1813
1811
1809
1808
1805
1801
1801
1799
1795
1795
1793
1791
1788
1788
1786
1784
1781
1780
1779
1777
1776
1774
1772
1770
1769
1768
1767
1764
1764
1763
1761
1760
1760
1757
1755
1755
1755
1753
1753
1753
1753
1752
1753
1753
1753
1752
1753
1753
1753
1752
1755
1755
1757
1757
1760
1761
1761
1763
1765
1766
1765
1769
1770
1771
1771
1773
1774
1776
1776
1776
1776
1776
1776
1776
1776
1776
1774
1775
1774
1773
1773
1771
1772
1771
1769
1768
1768
1767
1764
1764
1763
1762
1762
1760
1760
1760
1761
1761
1763
1765
1768
1773
1780
1789
1799
1808
1821
1837
1855
1873
1895
1915
1941
1968
1995
2021
2053
2082
2113
2144
2173
2203
2232
2259
2288
2313
2338
2362
2384
2405
2424
2444
2461
2477
2492
2505
2519
2531
2543
2553
2563
2572
2581
2588
2595
2602
2607
2610
2614
2617
2617
2618
2618
2617
2614
2611
2608
2602
2595
2589
2582
2574
2565
2556
2545
2536
2524
2514
2503
2492
2480
2468
2456
2443
2431
2420
2408
2395
2384
2371
2359
2347
2336
2325
2313
2303
2292
2282
2272
2261
2252
2241
2232
2224
2215
2206
2199
2190
2183
2175
2167
2160
2149
2144
2136
2129
2121
2113
2105
2098
2089
2081
2073
2065
2057
2048
2040
2030
2021
2012
2003
1994
1985
1976
1968
1959
1949
1939
1931
1923
1914
1907
1898
1891
1885
1879
1873
1867
1862
1859
1856
1852
1849
1847
1846
1845
1846
1848
1849
1849
1853
1857
1859
1863
1866
1871
1875
1878
1883
1888
1892
1897
1900
1904
1908
1912
1914
1917
1920
1922
1925
1927
1928
1928
1929
1931
1932
1931
1930
1931
1929
1928
1925
1926
1925
1924
1922
1922
1921
1921
1921
1921
1921
1922
1921
1923
1924
1925
1925
1928
1931
1933
1934
1936
1938
1940
1941
1941
1944
1946
1948
1948
1949
1949
1951
1951
1950
1951
1951
1949
1949
1948
1946
1944
1944
1942
1941
1937
1936
1934
1932
1929
1925
1923
1920
1918
1913
1912
1909
1907
1904
1901
1899
1897
1893
1893
1891
1890
1888
1888
1886
1887
1885
1886
1888
1888
1885
1888
1888
1889
1888
1890
1891
1892
1893
1893
1894
1895
1895
1893
1893
1893
1893
1892
1891
1889
1888
1888
1885
1883
1881
1880
1877
1875
1873
1872
1868
1867
1865
1864
1863
1861
1860
1860
1860
1860
1858
1859
1860
1860
1861
1863
1863
1863
1867
1869
1872
1876
1881
1885
1889
1898
1906
1915
1924
1936
1948
1963
1979
1995
2011
2032
2051
2072
2093
2116
2138
2162
2185
2208
2233
2256
2279
2300
2322
2343
2362
2380
2400
2416
2433
2449
2464
2477
2491
2504
2516
2529
2539
2550
2559
2569
2579
2587
2593
2601
2608
2613
2617
2621
2624
2626
2625
2626
2625
2623
2618
2615
2610
2603
2597
2587
2579
2570
2560
2549
2537
2527
2514
2503
2490
2478
2465
2453
2441
2429
2417
2407
2395
2384
2373
2363
2354
2344
2335
2327
2318
2310
2301
2293
2285
2278
2269
2262
2256
2247
2238
2231
2224
2215
2206
2197
2189
2180
2171
2160
2151
2141
2131
2121
2111
2100
2089
2079
2068
2057
2046
2036
2025
2016
2005
1995
1984
1976
1967
1959
1951
1943
1936
1928
1922
1915
1910
1905
1900
1897
1893
1890
1888
1885
1884
1883
1882
1882
1881
1881
1882
1883
1884
1884
1885
1888
1888
1888
1889
1890
1891
1891
1892
1891
1891
1892
1892
1892
1891
1891
1890
1888
1889
1888
1888
1888
1888
1885
1883
1885
1884
1884
1884
1883
1883
1883
1883
1882
1880
1881
1881
1881
1880
1882
1883
1883
1883
1884
1884
1885
1885
1885
1885
1888
1888
1888
1888
1889
1889
1889
1889
1889
1889
1887
1888
1888
1888
1885
1885
1885
1884
1883
1881
1881
1880
1879
1878
1876
1876
1875
1874
1873
1873
1871
1872
1871
1869
1866
1867
1865
1864
1862
1862
1861
1860
1859
1856
1856
1855
1853
1850
1850
1849
1848
1847
1845
1845
1844
1843
1842
1842
1842
1841
1842
1843
1843
1844
1845
1845
1847
1848
1850
1852
1853
1856
1858
1861
1863
1866
1867
1872
1876
1881
1885
1893
1899
1907
1915
1925
1936
1947
1957
1972
1988
2003
2021
2037
2057
2077
2098
2117
2138
2160
2181
2202
2224
2243
2264
2282
2303
2320
2337
2355
2371
2385
2400
2413
2425
2439
2448
2461
2471
2480
2490
2499
2507
2516
2522
2530
2536
2541
2547
2551
2555
2557
2560
2561
2563
2562
2561
2560
2557
2552
2549
2544
2538
2532
2524
2518
2509
2501
2492
2483
2473
2461
2452
2441
2431
2420
2409
2399
2388
2376
2367
2356
2345
2336
2325
2315
2305
2295
2285
2275
2265
2256
2247
2237
2227
2219
2211
2200
2192
2183
2175
2165
2157
2149
2141
2133
2124
2117
2109
2101
2093
2087
2078
2070
2064
2057
2051
2045
2037
2032
2025
2021
2016
2011
2006
2000
1997
1993
1990
1985
1984
1982
1980
1977
1976
1975
1975
1972
1973
1973
1973
1973
1975
1975
1977
1978
1981
1983
1985
1986
1991
1993
1996
1998
2003
2006
2009
2012
2016
2019
2022
2023
2027
2029
2032
2033
2035
2038
2037
2041
2042
2044
2044
2045
2046
2047
2047
2049
2049
2049
2050
2051
2053
2055
2055
2057
2057
2059
2060
2062
2064
2064
2067
2069
2071
2071
2073
2076
2077
2078
2081
2083
2084
2084
2086
2088
2089
2090
2089
2092
2093
2093
2095
2096
2096
2096
2096
2096
2096
2097
2097
2097
2096
2098
2098
2099
2099
2098
2100
2100
2101
2100
2101
2103
2103
2104
2104
2105
2105
2107
2108
2108
2109
2108
2110
2111
2112
2111
2112
2112
2112
2113
2112
2112
2112
2110
2110
2108
2108
2107
2105
2104
2102
2101
2099
2096
2094
2091
2089
2085
2084
2081
2080
2075
2073
2072
2069
2067
2065
2062
2061
2057
2057
2055
2054
2053
2050
2050
2050
2050
2049
2051
2052
2055
2055
2060
2065
2072
2080
2087
2099
2109
2122
2136
2152
2166
2185
2203
2223
2241
2261
2283
2304
2325
2344
2365
2384
2403
2421
2438
2454
2469
2485
2499
2512
2525
2536
2548
2558
2568
2577
2587
2594
2604
2611
2619
2625
2633
2639
2645
2650
2653
2658
2661
2664
2665
2667
2667
2667
2664
2663
2660
2656
2650
2645
2639
2632
2622
2613
2604
2593
2581
2571
2560
2546
2533
2521
2508
2494
2481
2467
2454
2441
2427
2415
2401
2389
2377
2366
2354
2343
2331
2321
2311
2300
2289
2280
2272
2263
2252
2245
2236
2227
2219
2212
2203
2196
2186
2181
2173
2165
2157
2151
2144
2136
2129
2122
2116
2108
2102
2096
2089
2083
2076
2070
2065
2060
2053
2049
2045
2040
2035
2032
2029
2026
2021
2020
2017
2016
2011
2011
2009
2008
2007
2003
2003
2002
2001
1999
1997
1997
1996
1995
1992
1993
1993
1993
1991
1992
1992
1992
1992
1993
1993
1993
1996
1997
1998
2001
2001
2005
2008
2010
2011
2016
2019
2022
2025
2030
2034
2038
2043
2045
2051
2053
2058
2063
2065
2069
2072
2075
2080
2081
2084
2087
2089
2091
2093
2096
2096
2097
2097
2099
2100
2100
2100
2101
2101
2102
2101
2102
2101
2100
2100
2100
2099
2100
2097
2098
2098
2097
2099
2098
2097
2097
2096
2097
2098
2098
2098
2099
2099
2099
2100
2100
2100
2100
2101
2101
2101
2101
2100
2101
2102
2103
2100
2101
2101
2101
2101
2100
2100
2099
2099
2097
2097
2097
2096
2096
2096
2096
2093
2094
2093
2092
2092
2091
2092
2092
2092
2092
2093
2092
2093
2093
2094
2096
2096
2094
2096
2097
2098
2097
2099
2101
2102
2102
2103
2104
2105
2105
2105
2106
2106
2105
2105
2105
2105
2105
2104
2104
2103
2101
2101
2100
2099
2097
2098
2097
2097
2097
2097
2096
2097
2097
2096
2097
2098
2099
2099
2100
2101
2103
2104
2105
2108
2111
2113
2117
2121
2128
2133
2142
2151
2161
2173
2186
2201
2217
2235
2253
2273
2294
2316
2338
2360
2384
2408
2431
2454
2477
2498
2520
2541
2560
2578
2596
2612
2628
2641
2656
2669
2681
2693
2704
2712
2723
2732
2741
2748
2756
2763
2770
2775
2781
2785
2790
2792
2795
2797
2797
2797
2794
2792
2789
2785
2779
2774
2766
2759
2749
2740
2729
2718
2707
2695
2683
2669
2656
2643
2629
2616
2601
2588
2576
2562
2549
2536
2524
2512
2501
2490
2480
2469
2460
2450
2442
2434
2426
2418
2411
2404
2397
2392
2385
2380
2374
2368
2363
2357
2352
2345
2339
2333
2327
2320
2314
2307
2301
2293
2287
2279
2272
2264
2256
2248
2239
2229
2223
2213
2205
2197
2188
2180
2170
2163
2155
2147
2137
2129
2123
2116
2109
2102
2096
2091
2086
2080
2076
2073
2070
2065
2064
2062
2061
2059
2057
2058
2059
2060
2059
2061
2063
2065
2067
2066
2069
2071
2074
2075
2078
2080
2082
2083
2085
2086
2088
2088
2087
2089
2089
2088
2088
2087
2086
2085
2084
2083
2081
2080
2078
2077
2075
2073
2072
2070
2069
2066
2065
2065
2064
2062
2061
2061
2060
2060
2059
2057
2059
2059
2059
2059
2059
2060
2059
2060
2061
2061
2061
2059
2061
2061
2061
2059
2060
2060
2061
2060
2059
2057
2058
2057
2057
2056
2054
2055
2053
2052
2051
2049
2049
2048
2047
2045
2042
2042
2041
2040
2039
2037
2037
2036
2035
2034
2032
2032
2031
2029
2029
2028
2024
2025
2024
2023
2021
2019
2019
2017
2016
2013
2012
2010
2008
2005
2005
2003
2001
2000
1998
1997
1996
1995
1995
1993
1993
1992
1992
1993
1991
1992
1993
1993
1993
1994
1995
1994
1995
1996
1997
1997
2000
2000
2001
2004
2007
2010
2013
2017
2024
2029
2037
2044
2055
2066
2079
2089
2105
2121
2137
2153
2171
2189
2208
2226
2244
2264
2282
2301
2318
2336
2352
2368
2384
2398
2412
2425
2437
2449
2461
2470
2481
2492
2501
2510
2519
2528
2535
2542
2549
2556
2563
2568
2572
2577
2581
2584
2587
2586
2588
2588
2587
2585
2582
2579
2575
2571
2564
2558
2552
2545
2537
2529
2519
2511
2501
2492
2481
2471
2462
2452
2443
2431
2423
2414
2405
2395
2386
2378
2369
2361
2355
2346
2339
2333
2327
2320
2313
2308
2300
2296
2289
2283
2277
2270
2264
2258
2252
2243
2238
2231
2224
2215
2208
2200
2192
2183
2175
2168
2160
2151
2143
2133
2126
2118
2109
2101
2093
2085
2079
2072
2065
2056
2051
2045
2040
2035
2029
2025
2021
2017
2013
2009
2008
2005
2004
2003
2000
2000
2000
1999
1999
2000
1997
1999
2000
2000
2000
2000
2002
2002
2004
2003
2005
2006
2007
2008
2009
2008
2010
2011
2012
2013
2014
2013
2016
2016
2017
2018
2017
2019
2019
2019
2020
2019
2020
2021
2021
2021
2021
2021
2020
2020
2019
2017
2017
2016
2014
2013
2011
2010
2008
2005
2003
1999
1997
1995
1992
1988
1985
1983
1981
1978
1976
1973
1971
1969
1968
1966
1965
1964
1963
1962
1961
1962
1962
1963
1964
1965
1965
1967
1968
1968
1969
1969
1969
1971
1973
1974
1975
1976
1976
1976
1976
1976
1975
1976
1974
1973
1972
1971
1970
1968
1966
1965
1963
1961
1957
1957
1955
1953
1952
1951
1947
1949
1948
1948
1948
1949
1950
1951
1952
1952
1952
1955
1957
1958
1959
1960
1962
1964
1965
1967
1967
1969
1971
1973
1977
1978
1984
1989
1994
2000
2006
2016
2025
2036
2046
2059
2072
2087
2101
2117
2135
2152
2169
2186
2205
2222
2240
2257
2273
2292
2307
2324
2339
2354
2368
2383
2395
2409
2419
2431
2442
2452
2461
2471
2480
2488
2495
2501
2506
2512
2515
2518
2520
2521
2523
2522
2521
2519
2516
2512
2508
2503
2497
2491
2484
2475
2468
2459
2451
2442
2431
2423
2414
2405
2395
2386
2376
2367
2356
2348
2339
2331
2321
2313
2305
2299
2291
2284
2277
2269
2261
2256
2249
2243
2236
2230
2224
2217
2210
2203
2198
2191
2184
2177
2169
2161
2155
2145
2139
2131
2124
2116
2107
2100
2092
2084
2075
2066
2060
2051
2044
2037
2029
2021
2015
2007
2001
1994
1986
1981
1974
1969
1963
1955
1952
1946
1941
1936
1931
1928
1924
1920
1917
1912
1910
1908
1905
1904
1900
1900
1899
1898
1897
1896
1896
1896
1898
1897
1898
1899
1901
1903
1904
1905
1907
1909
1912
1912
1915
1917
1919
1920
1923
1925
1927
1929
1929
1932
1933
1934
1936
1936
1937
1937
1937
1937
1937
1937
1936
1936
1935
1932
1932
1931
1929
