Sampling rate=500
1813
1815
1816
1816
1816
1815
1817
1818
1817
1817
1817
1816
1815
1814
1813
1812
1810
1810
1809
1808
1808
1807
1806
1804
1803
1803
1803
1802
1801
1801
1799
1797
1798
1798
1797
1797
1797
1795
1795
1794
1793
1793
1792
1792
1792
1791
1791
1791
1791
1790
1789
1789
1789
1790
1790
1791
1791
1791
1790
1791
1791
1792
1792
1791
1791
1791
1790
1789
1790
1792
1791
1791
1790
1789
1789
1787
1787
1784
1783
1782
1781
1781
1780
1778
1777
1776
1775
1773
1771
1770
1769
1767
1766
1765
1764
1763
1763
1763
1761
1761
1763
1761
1762
1763
1763
1764
1765
1766
1767
1768
1769
1769
1771
1773
1773
1773
1775
1776
1776
1776
1776
1776
1776
1775
1773
1773
1772
1771
1771
1769
1770
1769
1769
1769
1769
1769
1768
1768
1768
1768
1769
1769
1769
1769
1769
1769
1769
1770
1771
1772
1776
1778
1781
1785
1790
1796
1804
1813
1824
1837
1851
1868
1886
1905
1928
1950
1975
2001
2029
2057
2087
2116
2146
2176
2205
2235
2264
2291
2317
2343
2367
2390
2412
2432
2451
2469
2485
2501
2515
2528
2541
2552
2563
2573
2581
2589
2597
2604
2609
2615
2620
2623
2625
2628
2628
2628
2627
2625
2621
2617
2612
2607
2601
2593
2586
2577
2568
2558
2548
2538
2528
2516
2504
2493
2481
2469
2457
2447
2435
2423
2411
2400
2388
2377
2365
2355
2344
2333
2323
2313
2301
2291
2281
2271
2261
2251
2240
2230
2221
2211
2201
2191
2180
2171
2160
2150
2140
2129
2119
2109
2099
2089
2080
2070
2061
2053
2044
2035
2026
2018
2008
2002
1995
1988
1980
1973
1967
1961
1955
1948
1942
1937
1933
1928
1923
1919
1915
1911
1907
1904
1900
1897
1895
1891
1889
1887
1884
1881
1880
1877
1879
1878
1877
1877
1877
1878
1878
1878
1879
1880
1881
1882
1883
1884
1885
1887
1888
1889
1889
1890
1892
1893
1893
1894
1896
1896
1896
1897
1897
1897
1897
1897
1897
1896
1896
1896
1895
1895
1893
1891
1891
1889
1889
1890
1890
1889
1889
1889
1889
1890
1891
1891
1892
1893
1893
1896
1896
1897
1899
1900
1901
1902
1904
1904
1904
1905
1906
1907
1907
1908
1909
1909
1909
1909
1909
1909
1908
1908
1908
1906
1905
1905
1904
1904
1901
1901
1899
1898
1897
1895
1893
1892
1890
1889
1889
1888
1885
1885
1884
1884
1883
1883
1883
1882
1881
1880
1880
1880
1880
1880
1880
1880
1880
1878
1880
1880
1880
1880
1880
1880
1880
1880
1880
1880
1881
1880
1881
1880
1880
1880
1880
1880
1880
1880
1879
1880
1880
1880
1880
1879
1879
1879
1878
1878
1878
1877
1877
1876
1876
1878
1879
1880
1881
1884
1888
1892
1898
1905
1912
1921
1933
1944
1958
1973
1990
2008
2028
2047
2069
2093
2117
2140
2165
2190
2216
2240
2264
2289
2312
2336
2357
2377
2396
2415
2433
2449
2464
2478
2491
2504
2515
2526
2536
2545
2553
2561
2568
2573
2580
2584
2589
2593
2596
2598
2599
2600
2600
2600
2598
2595
2592
2589
2584
2579
2573
2566
2560
2551
2543
2533
2524
2513
2503
2492
2482
2470
2460
2448
2436
2424
2413
2400
2388
2376
2363
2352
2340
2329
2319
2308
2297
2287
2276
2267
2256
2246
2237
2228
2218
2209
2201
2192
2184
2175
2167
2160
2151
2143
2133
2126
2117
2109
2101
2093
2085
2077
2068
2059
2051
2041
2033
2025
2017
2008
2000
1992
1985
1977
1970
1963
1955
1949
1944
1937
1932
1926
1921
1917
1912
1909
1905
1901
1899
1897
1895
1893
1892
1891
1890
1890
1889
1890
1890
1891
1891
1892
1893
1893
1896
1897
1899
1898
1900
1901
1901
1904
1904
1905
1905
1907
1909
1909
1911
1912
1912
1913
1913
1913
1913
1913
1913
1913
1913
1912
1912
1910
1909
1908
1908
1906
1905
1904
1904
1901
1901
1900
1900
1899
1898
1898
1898
1897
1897
1897
1897
1897
1899
1899
1900
1901
1901
1903
1904
1904
1905
1907
1908
1909
1911
1912
1914
1916
1917
1919
1920
1921
1923
1924
1926
1927
1928
1929
1930
1930
1930
1931
1931
1931
1931
1931
1931
1931
1930
1929
1928
1929
1929
1927
1926
1925
1925
1924
1923
1921
1920
1919
1918
1917
1916
1915
1913
1913
1912
1911
1911
1909
1909
1909
1909
1909
1909
1909
1909
1909
1909
1909
1909
1909
1909
1911
1911
1913
1914
1917
1920
1924
1928
1934
1940
1948
1957
1968
1979
1991
2005
2021
2037
2055
2073
2092
2113
2134
2155
2177
2199
2221
2243
2265
2286
2307
2327
2346
2364
2380
2397
2413
2427
2442
2455
2467
2478
2487
2497
2506
2514
2521
2528
2533
2538
2543
2545
2547
2549
2549
2549
2548
2548
2545
2542
2539
2533
2528
2521
2515
2508
2500
2491
2483
2472
2463
2453
2443
2433
2425
2415
2405
2394
2384
2374
2364
2354
2344
2336
2325
2316
2307
2299
2289
2280
2272
2262
2253
2245
2236
2228
2219
2210
2201
2192
2183
2174
2165
2157
2147
2138
2129
2120
2112
2103
2095
2085
2077
2069
2061
2052
2044
2037
2029
2022
2016
2008
2000
1995
1987
1980
1975
1968
1963
1956
1950
1944
1939
1933
1926
1923
1919
1914
1909
1905
1901
1897
1893
1888
1885
1883
1881
1879
1876
1875
1873
1872
1872
1872
1870
1870
1872
1872
1872
1873
1874
1876
1877
1879
1881
1883
1885
1888
1889
1891
1894
1896
1898
1900
1903
1904
1906
1908
1909
1912
1913
1914
1915
1916
1916
1916
1917
1918
1918
1919
1919
1919
1920
1918
1919
1918
1917
1917
1916
1916
1916
1915
1915
1914
1913
1913
1913
1913
1912
1912
1911
1911
1911
1911
1912
1912
1912
1912
1912
1913
1913
1913
1914
1914
1915
1915
1915
1916
1916
1916
1916
1916
1916
1915
1916
1915
1914
1914
1913
1912
1911
1909
1909
1908
1907
1907
1905
1905
1905
1904
1905
1904
1904
1905
1907
1908
1908
1909
1911
1912
1914
1915
1917
1919
1920
1921
1923
1925
1927
1929
1931
1932
1933
1935
1936
1937
1937
1937
1937
1937
1937
1936
1936
1936
1935
1933
1933
1933
1932
1933
1936
1939
1943
1948
1955
1964
1973
1984
1997
2010
2025
2041
2059
2080
2099
2119
2141
2163
2184
2206
2228
2249
2270
2291
2310
2329
2347
2364
2379
2395
2409
2421
2433
2444
2455
2464
2472
2481
2488
2494
2501
2505
2510
2515
2518
2520
2523
2525
2525
2527
2525
2524
2523
2520
2517
2514
2509
2504
2499
2492
2485
2477
2469
2461
2452
2443
2433
2423
2414
2403
2393
2382
2371
2359
2347
2337
2326
2315
2303
2292
2281
2272
2259
2249
2239
2229
2219
2209
2200
2191
2181
2173
2164
2156
2149
2141
2133
2126
2118
2111
2104
2096
2089
2083
2075
2069
2062
2055
2048
2041
2035
2028
2021
2014
2007
2000
1993
1987
1979
1973
1966
1959
1952
1945
1938
1931
1924
1917
1911
1904
1897
1891
1885
1879
1873
1868
1863
1857
1853
1849
1844
1841
1837
1836
1833
1831
1830
1829
1828
1828
1827
1828
1828
1829
1829
1830
1832
1833
1835
1836
1838
1840
1841
1843
1845
1846
1848
1849
1849
1850
1852
1852
1853
1853
1854
1855
1855
1855
1855
1856
1855
1856
1856
1855
1856
1855
1856
1856
1856
1856
1856
1856
1856
1856
1857
1857
1857
1859
1859
1859
1859
1859
1858
1859
1859
1859
1859
1859
1859
1859
1859
1859
1859
1859
1858
1857
1859
1859
1859
1857
1857
1857
1857
1856
1856
1857
1857
1856
1856
1855
1854
1854
1853
1852
1852
1851
1851
1851
1852
1851
1852
1852
1852
1852
1852
1853
1852
1853
1853
1853
1854
1854
1855
1856
1856
1857
1857
1857
1857
1857
1857
1857
1857
1858
1858
1859
1858
1859
1859
1859
1859
1860
1860
1861
1861
1861
1862
1863
1863
1863
1863
1864
1865
1866
1867
1867
1868
1869
1870
1870
1872
1872
1872
1872
1873
1874
1874
1875
1875
1876
1876
1877
1878
1879
1880
1881
1881
1880
1881
1881
1882
1882
1883
1883
1884
1886
1889
1892
1896
1900
1905
1913
1921
1931
1942
1955
1969
1984
2001
2020
2040
2061
2083
2105
2127
2150
2173
2197
2220
2243
2266
2289
2309
2329
2349
2367
2384
2401
2416
2431
2444
2457
2469
2481
2493
2503
2513
2522
2530
2538
2544
2551
2557
2561
2565
2568
2571
2572
2572
2571
2569
2568
2567
2562
2557
2552
2546
2539
2533
2525
2517
2509
2500
2491
2482
2473
2464
2454
2445
2435
2425
2416
2407
2398
2389
2380
2371
2363
2354
2347
2339
2331
2324
2316
2309
2303
2296
2289
2283
2275
2269
2261
2254
2247
2240
2234
2228
2221
2213
2206
2200
2193
2185
2178
2171
2164
2157
2149
2144
2136
2129
2122
2115
2108
2102
2096
2089
2083
2076
2070
2065
2058
2053
2047
2041
2036
2032
2027
2021
2016
2012
2008
2005
2000
1995
1993
1989
1986
1984
1982
1981
1979
1977
1976
1975
1974
1973
1972
1973
1973
1973
1973
1974
1975
1975
1976
1977
1978
1978
1980
1980
1981
1981
1981
1984
1985
1986
1987
1988
1988
1988
1988
1989
1988
1988
1988
1987
1987
1986
1985
1984
1983
1981
1980
1978
1976
1975
1973
1971
1969
1967
1964
1963
1962
1961
1960
1957
1956
1955
1954
1953
1952
1952
1951
1949
1949
1948
1948
1948
1947
1945
1945
1943
1942
1941
1941
1940
1940
1938
1937
1936
1936
1933
1933
1931
1928
1927
1926
1923
1922
1920
1919
1917
1915
1913
1912
1909
1907
1905
1903
1900
1897
1895
1892
1889
1888
1884
1881
1879
1876
1872
1869
1867
1865
1862
1859
1858
1856
1855
1853
1851
1850
1848
1847
1846
1846
1848
1848
1848
1850
1851
1852
1853
1855
1857
1859
1860
1861
1863
1864
1867
1868
1869
1872
1872
1873
1873
1875
1875
1876
1875
1875
1874
1875
1875
1876
1875
1875
1875
1874
1873
1873
1872
1869
1869
1867
1866
1865
1864
1863
1861
1860
1859
1859
1861
1862
1864
1867
1872
1876
1882
1891
1900
1911
1923
1936
1952
1968
1984
2003
2023
2043
2064
2085
2107
2128
2149
2171
2192
2212
2232
2251
2269
2288
2303
2320
2334
2349
2364
2378
2391
2403
2414
2426
2437
2446
2455
2464
2472
2481
2487
2493
2499
2503
2507
2511
2512
2513
2512
2512
2509
2508
2505
2501
2496
2490
2484
2477
2469
2461
2451
2442
2432
2423
2412
2401
2391
2381
2369
2359
2349
2338
2327
2317
2307
2298
2288
2280
2272
2264
2257
2252
2245
2240
2234
2229
2224
2220
2215
2211
2208
2203
2199
2195
2191
2186
2181
2176
2171
2165
2160
2153
2147
2140
2133
2125
2118
2109
2100
2093
2084
2075
2067
2058
2049
2040
2031
2022
2013
2005
1996
1987
1980
1972
1964
1956
1950
1944
1937
1932
1928
1923
1919
1917
1914
1912
1910
1909
1908
1907
1907
1908
1909
1911
1913
1914
1916
1919
1923
1926
1929
1932
1936
1938
1941
1944
1948
1950
1953
1956
1959
1961
1963
1965
1967
1968
1969
1970
1972
1972
1973
1973
1973
1973
1972
1972
1971
1969
1968
1966
1965
1963
1961
1959
1957
1955
1953
1952
1948
1945
1943
1940
1938
1936
1933
1929
1928
1927
1924
1923
1921
1921
1919
1919
1917
1917
1917
1917
1919
1919
1921
1923
1924
1927
1928
1930
1932
1934
1936
1939
1941
1944
1946
1948
1950
1952
1953
1955
1956
1956
1957
1957
1957
1956
1954
1953
1952
1949
1947
1945
1942
1938
1936
1932
1928
1925
1922
1919
1917
1914
1912
1909
1908
1905
1905
1904
1904
1904
1904
1904
1905
1907
1908
1910
1912
1913
1915
1917
1919
1921
1925
1927
1930
1933
1937
1940
1945
1949
1955
1961
1968
1975
1984
1992
2001
2012
2023
2035
2048
2060
2075
2089
2104
2118
2133
2149
2164
2178
2193
2208
2223
2236
2250
2263
2275
2288
2299
2311
2321
2332
2342
2352
2362
2371
2379
2387
2395
2403
2410
2416
2421
2428
2432
2436
2439
2442
2444
2444
2445
2446
2445
2444
2441
2437
2433
2428
2423
2417
2411
2404
2397
2389
2381
2373
2364
2355
2346
2337
2329
2320
2312
2303
2295
2287
2277
2269
2261
2253
2245
2237
2230
2221
2213
2205
2198
2190
2182
2175
2166
2157
2149
2141
2133
2124
2115
2107
2097
2089
2080
2071
2064
2054
2045
2037
2028
2021
2012
2004
1997
1989
1981
1973
1968
1960
1953
1947
1941
1936
1930
1925
1922
1918
1914
1912
1908
1905
1904
1901
1901
1900
1898
1897
1896
1896
1896
1896
1897
1896
1897
1898
1899
1901
1901
1902
1904
1905
1905
1907
1908
1909
1911
1912
1913
1913
1915
1915
1916
1916
1917
1916
1916
1915
1915
1914
1913
1913
1913
1912
1911
1910
1909
1909
1907
1906
1906
1905
1904
1904
1901
1904
1904
1903
1902
1902
1902
1901
1901
1900
1901
1901
1901
1901
1901
1901
1902
1902
1903
1904
1904
1904
1905
1905
1906
1907
1908
1908
1909
1909
1910
1911
1911
1911
1910
1910
1909
1909
1909
1909
1909
1908
1907
1907
1907
1906
1905
1904
1903
1901
1901
1900
1899
1898
1897
1896
1895
1895
1893
1893
1892
1892
1891
1890
1890
1889
1889
1889
1889
1889
1889
1889
1889
1889
1889
1889
1889
1889
1890
1890
1890
1889
1891
1890
1891
1891
1891
1892
1894
1894
1896
1897
1897
1898
1899
1899
1899
1899
1901
1904
1904
1904
1905
1908
1909
1911
1914
1917
1921
1927
1932
1938
1946
1954
1964
1974
1986
1998
2012
2026
2041
2057
2073
2091
2108
2125
2144
2160
2177
2194
2211
2226
2241
2256
2270
2283
2295
2307
2317
2328
2337
2347
2356
2365
2373
2380
2388
2395
2401
2408
2413
2419
2424
2429
2433
2437
2441
2443
2446
2447
2448
2448
2446
2445
2442
2439
2435
2431
2426
2420
2413
2406
2399
2389
2380
2371
2361
2350
2339
2328
2317
2305
2294
2283
2269
2259
2247
2235
2224
2211
2200
2189
2179
2168
2157
2148
2139
2130
2121
2113
2105
2097
2090
2083
2076
2070
2065
2059
2053
2048
2043
2038
2033
2028
2024
2019
2014
2009
2004
2000
1993
1988
1983
1978
1973
1968
1961
1956
1949
1944
1937
1932
1925
1919
1913
1908
1902
1896
1891
1885
1880
1875
1870
1865
1861
1857
1854
1851
1849
1847
1845
1845
1843
1843
1844
1844
1845
1845
1848
1848
1849
1853
1855
1858
1861
1864
1867
1869
1873
1875
1879
1881
1885
1888
1891
1894
1897
1901
1904
1905
1908
1911
1913
1916
1918
1920
1923
1924
1927
1928
1930
1932
1933
1933
1935
1936
1936
1936
1936
1936
1936
1936
1936
1934
1933
1933
1933
1931
1929
1928
1927
1927
1926
1925
1925
1923
1923
1921
1921
1919
1919
1919
1918
1917
1917
1917
1917
1917
1916
1917
1916
1916
1915
1915
1914
1913
1914
1914
1913
1912
1911
1909
1908
1906
1904
1901
1900
1899
1896
1894
1892
1890
1888
1885
1883
1881
1879
1877
1877
1875
1875
1874
1874
1874
1873
1875
1874
1875
1875
1876
1877
1879
1881
1882
1884
1886
1889
1891
1893
1895
1897
1899
1901
