Sampling rate=500
2099
2091
2085
2078
2071
2065
2057
2050
2043
2036
2032
2025
2019
2013
2007
2002
1997
1991
1985
1980
1974
1969
1963
1958
1952
1947
1943
1939
1935
1930
1926
1923
1918
1915
1912
1909
1905
1904
1901
1899
1898
1898
1897
1897
1897
1898
1899
1900
1901
1902
1905
1907
1908
1911
1913
1917
1920
1923
1925
1927
1930
1932
1935
1937
1938
1939
1941
1943
1944
1945
1945
1945
1945
1944
1944
1943
1942
1940
1939
1937
1937
1936
1933
1931
1928
1927
1925
1923
1921
1918
1919
1918
1917
1916
1915
1915
1914
1915
1915
1913
1915
1916
1918
1919
1920
1921
1923
1924
1926
1927
1928
1928
1928
1929
1931
1932
1931
1931
1932
1931
1930
1929
1928
1925
1923
1923
1921
1918
1916
1913
1911
1908
1905
1904
1901
1898
1896
1893
1892
1889
1888
1885
1885
1884
1883
1881
1882
1882
1882
1881
1883
1884
1884
1885
1885
1887
1888
1888
1889
1891
1892
1892
1893
1893
1893
1892
1891
1892
1892
1891
1890
1889
1888
1885
1883
1883
1881
1880
1878
1875
1874
1872
1872
1869
1867
1867
1865
1865
1863
1863
1862
1862
1863
1863
1864
1863
1865
1867
1868
1869
1872
1872
1874
1875
1877
1879
1880
1881
1885
1889
1892
1897
1901
1907
1913
1920
1928
1936
1949
1961
1974
1989
2005
2021
2039
2057
2075
2095
2115
2136
2156
2176
2196
2216
2235
2253
2272
2288
2306
2322
2337
2352
2365
2378
2391
2402
2413
2423
2433
2443
2452
2460
2467
2475
2481
2486
2491
2496
2498
2502
2506
2507
2508
2509
2508
2506
2504
2501
2497
2493
2488
2481
2474
2467
2460
2452
2443
2433
2423
2413
2402
2390
2378
2368
2357
2344
2333
2321
2310
2298
2288
2275
2263
2253
2243
2233
2224
2213
2203
2194
2185
2175
2167
2160
2152
2144
2136
2128
2120
2112
2105
2098
2091
2085
2080
2072
2065
2059
2052
2045
2040
2032
2027
2022
2016
2010
2004
1999
1993
1988
1981
1977
1973
1968
1963
1957
1952
1948
1943
1941
1937
1933
1931
1927
1925
1922
1919
1916
1916
1914
1912
1909
1909
1909
1908
1908
1907
1906
1906
1907
1908
1908
1908
1909
1910
1911
1912
1912
1913
1916
1917
1917
1919
1920
1920
1921
1921
1923
1925
1926
1927
1927
1928
1929
1929
1928
1929
1930
1930
1929
1929
1929
1929
1928
1929
1929
1928
1928
1927
1927
1925
1923
1925
1925
1924
1924
1924
1924
1923
1924
1922
1924
1924
1924
1925
1925
1925
1926
1927
1925
1927
1929
1930
1930
1930
1931
1931
1931
1931
1931
1932
1933
1933
1933
1933
1933
1931
1932
1933
1931
1931
1931
1931
1928
1928
1928
1928
1927
1926
1925
1924
1921
1922
1922
1920
1919
1919
1917
1916
1916
1913
1913
1912
1912
1909
1908
1907
1904
1904
1904
1904
1901
1901
1900
1898
1896
1895
1895
1893
1893
1891
1890
1889
1889
1888
1888
1888
1888
1888
1888
1887
1887
1885
1888
1889
1890
1891
1891
1893
1893
1895
1893
1895
1897
1898
1898
1899
1899
1900
1900
1899
1901
1901
1901
1901
1901
1901
1901
1900
1900
1901
1902
1901
1901
1901
1901
1900
1901
1900
1900
1899
1896
1897
1897
1896
1895
1893
1895
1895
1895
1896
1897
1899
1901
1905
1912
1918
1927
1936
1946
1960
1973
1989
2003
2023
2041
2061
2081
2103
2125
2147
2167
2192
2213
2235
2256
2275
2295
2314
2332
2349
2364
2379
2393
2407
2420
2431
2443
2453
2462
2471
2478
2486
2494
2501
2507
2512
2516
2520
2521
2525
2527
2528
2528
2528
2525
2522
2519
2517
2512
2507
2501
2494
2488
2479
2471
2463
2453
2444
2434
2424
2413
2402
2393
2382
2371
2361
2349
2339
2327
2318
2308
2297
2288
2278
2269
2259
2248
2240
2232
2224
2215
2208
2200
2192
2183
2175
2169
2161
2154
2147
2140
2133
2125
2119
2113
2105
2099
2092
2085
2078
2069
2064
2057
2049
2043
2035
2029
2021
2012
2005
2000
1992
1985
1977
1971
1964
1957
1952
1945
1940
1934
1928
1923
1918
1912
1909
1906
1901
1898
1896
1893
1892
1888
1888
1888
1888
1888
1886
1888
1889
1889
1892
1891
1895
1897
1899
1901
1904
1905
1906
1909
1913
1914
1916
1919
1919
1920
1921
1924
1925
1925
1927
1927
1928
1928
1926
1928
1929
1929
1929
1929
1928
1928
1926
1927
1926
1926
1925
1925
1923
1923
1921
1922
1922
1921
1920
1919
1919
1918
1916
1917
1917
1917
1917
1917
1917
1917
1917
1919
1919
1920
1920
1922
1923
1923
1925
1928
1928
1929
1930
1931
1931
1931
1933
1933
1933
1933
1933
1933
1933
1931
1931
1932
1931
1930
1929
1928
1927
1926
1924
1923
1921
1919
1918
1916
1914
1912
1910
1909
1906
1905
1904
1904
1901
1901
1899
1901
1900
1900
1901
1899
1901
1901
1902
1902
1902
1901
1904
1904
1905
1906
1907
1908
1908
1911
1913
1915
1917
1920
1924
1927
1933
1939
1944
1952
1959
1966
1976
1987
1997
2008
2020
2032
2044
2060
2073
2088
2103
2117
2131
2147
2161
2175
2189
2202
2216
2228
2243
2254
2266
2277
2288
2297
2307
2317
2326
2334
2342
2349
2355
2362
2369
2375
2379
2384
2387
2390
2392
2395
2396
2397
2397
2397
2395
2394
2392
2388
2385
2380
2373
2369
2364
2357
2350
2343
2335
2328
2321
2312
2304
2295
2287
2278
2269
2260
2251
2242
2235
2227
2219
2211
2202
2195
2189
2181
2174
2166
2160
2152
2147
2139
2133
2127
2120
2114
2107
2101
2096
2089
2083
2076
2068
2064
2057
2051
2045
2038
2032
2025
2019
2013
2005
1999
1992
1984
1978
1972
1965
1959
1953
1946
1939
1936
1929
1923
1918
1912
1908
1903
1899
1896
1893
1889
1887
1884
1883
1881
1879
1877
1876
1876
1875
1876
1875
1876
1875
1876
1876
1878
1879
1879
1880
1880
1881
1884
1884
1885
1886
1888
1888
1891
1892
1893
1894
1896
1895
1896
1899
1899
1899
1901
1901
1900
1901
1904
1904
1904
1904
1905
1904
1905
1906
1906
1907
1907
1907
1907
1909
1909
1909
1909
1909
1908
1911
1912
1912
1912
1913
1913
1913
1915
1916
1915
1916
1916
1915
1915
1916
1916
1916
1916
1915
1915
1913
1914
1914
1913
1912
1912
1912
1909
1911
1910
1911
1911
1911
1911
1908
1911
1910
1910
1911
1910
1911
1909
1912
1911
1912
1912
1913
1913
1914
1914
1912
1915
1915
1915
1916
1915
1916
1915
1916
1917
1916
1916
1917
1916
1915
1916
1917
1917
1918
1919
1919
1919
1921
1922
1922
1923
1923
1924
1923
1923
1924
1924
1925
1925
1925
1926
1928
1929
1932
1935
1937
1941
1948
1954
1961
1970
1979
1991
2003
2016
2029
2044
2059
2075
2091
2109
2126
2144
2161
2178
2195
2211
2229
2245
2261
2275
2289
2302
2315
2329
2340
2352
2360
2372
2381
2390
2397
2407
2413
2419
2425
2431
2436
2440
2444
2448
2449
2452
2452
2454
2453
2452
2450
2448
2443
2440
2437
2431
2425
2419
2413
2405
2397
2389
2381
2371
2363
2353
2343
2333
2324
2314
2304
2295
2285
2275
2265
2257
2249
2240
2232
2225
2216
2208
2202
2196
2189
2183
2177
2171
2164
2157
2153
2148
2141
2136
2130
2124
2117
2113
2106
2100
2094
2088
2080
2073
2069
2063
2056
2049
2043
2036
2031
2025
2019
2012
2007
2000
1995
1988
1984
1978
1973
1968
1963
1957
1952
1949
1945
1941
1936
1932
1928
1925
1923
1920
1917
1915
1913
1912
1909
1909
1908
1907
1906
1906
1905
1905
1907
1907
1907
1908
1909
1910
1909
1912
1912
1913
1915
1916
1917
1917
1917
1920
1922
1923
1923
1925
1926
1925
1928
1928
1929
1929
1932
1932
1933
1932
1936
1936
1936
1936
1936
1937
1937
1937
1937
1938
1939
1939
1939
1940
1938
1940
1940
1939
1939
1939
1938
1937
1939
1938
1938
1938
1937
1937
1936
1936
1937
1936
1936
1936
1935
1934
1935
1934
1934
1934
1933
1933
1932
1932
1930
1930
1930
1929
1928
1927
1927
1924
1925
1924
1923
1921
1921
1919
1917
1915
1916
1915
1913
1912
1912
1909
1909
1909
1908
1907
1907
1906
1904
1905
1905
1905
1906
1905
1905
1907
1908
1908
1909
1909
1910
1910
1912
1913
1915
1917
1918
1919
1922
1924
1926
1927
1929
1930
1933
1936
1937
1939
1941
1941
1943
1945
1946
1946
1947
1947
1947
1949
1949
1950
1952
1953
1957
1961
1964
1969
1975
1980
1989
1997
2006
2016
2027
2040
2053
2067
2081
2096
2109
2125
2141
2155
2171
2184
2199
2213
2227
2240
2251
2261
2275
2285
2294
2304
2312
2320
2328
2334
2342
2348
2354
2361
2366
2371
2373
2379
2383
2385
2388
2389
2391
2391
2392
2392
2391
2390
2388
2384
2382
2378
2374
2369
2364
2357
2352
2346
2339
2331
2323
2316
2309
2300
2291
2283
2273
2265
2256
2247
2237
2229
2219
2213
2205
2196
2188
2180
2172
2167
2160
2153
2147
2141
2135
2131
2125
2120
2115
2109
2105
2101
2096
2091
2087
2080
2077
2072
2068
2064
2056
2052
2047
2041
2035
2030
2024
2018
2013
2008
2001
1996
1989
1983
1978
1972
1968
1960
1954
1949
1944
1939
1934
1929
1924
1921
1918
1914
1912
1909
1905
1903
1903
1901
1900
1900
1900
1897
1900
1901
1901
1903
1904
1904
1905
1908
1910
1912
1914
1917
1917
1921
1923
1925
1927
1928
1931
1933
1934
1936
1936
1938
1940
1940
1941
1940
1941
1942
1941
1941
1940
1938
1937
1937
1936
1934
1931
1932
1931
1929
1928
1926
1925
1923
1921
1920
1919
1919
1918
1917
1917
1917
1916
1916
1915
1916
1916
1916
1916
1916
1917
1917
1918
1919
1918
1920
1921
1920
1922
1922
1923
1924
1924
1924
1924
1925
1926
1925
1925
1925
1925
1925
1925
1925
1924
1921
1923
1921
1921
1920
1919
1919
1918
1917
1915
1913
1913
1912
1910
1909
1907
1905
1906
1905
1904
1903
1900
1900
1899
1897
1896
1895
1893
1892
1891
1889
1889
1888
1886
1886
1885
1884
1883
1881
1882
1882
1881
1881
1880
1881
1883
1882
1883
1883
1883
1885
1885
1886
1886
1886
1889
1890
1890
1891
1892
1891
1893
1893
1892
1893
1893
1891
1893
1893
1893
1893
1893
1891
1893
1893
1893
1893
1893
1892
1894
1895
1895
1895
1895
1893
1896
1895
1895
1896
1896
1896
1897
1899
1900
1904
1904
1909
1914
1920
1927
1934
1941
1952
1963
1973
1987
2000
2013
2029
2044
2060
2076
2091
2108
2125
2140
2156
2171
2185
2199
2214
2227
2239
2251
2262
2272
2284
2293
2303
2312
2320
2327
2337
2344
2352
2358
2365
2370
2376
2383
2387
2389
2392
2396
2398
2400
2400
2400
2400
2397
2396
2392
2388
2384
2380
2373
2367
2360
2353
2345
2337
2328
2320
2310
2301
2291
2281
2272
2261
2251
2239
2231
2221
2211
2201
2193
2181
2175
2166
2157
2149
2141
2132
2127
2119
2112
2106
2100
2092
2088
2082
2077
2071
2065
2060
2056
2052
2047
2043
2039
2036
2032
2029
2024
2022
2018
2016
2011
2009
2005
2002
2000
1997
1992
1990
1987
1984
1980
1976
1973
1970
1968
1963
1959
1957
1954
1950
1947
1943
1941
1937
1934
1932
1927
1925
1924
1921
1920
1919
1915
1916
1915
1914
1913
1913
1912
1914
1915
1915
1916
1917
1917
1920
1922
1923
1925
1925
1929
1929
1931
1932
1934
1934
1937
1938
1939
1940
1941
1941
1943
1944
1944
1944
1944
1944
1943
1945
1944
1944
1943
1944
1943
1941
1941
1942
1941
1940
1940
1939
1937
1939
1938
1937
1936
1936
1936
1933
1933
1933
1933
1933
1933
1933
1931
1932
1933
1933
1933
1933
1933
1933
1935
1935
1935
1936
1936
1936
1936
1937
1937
1938
1938
1939
1938
1938
1937
1939
1938
1939
1937
1939
1939
1939
1939
1940
1939
1939
1939
1939
1939
1939
1939
1937
1938
1939
1939
1939
1938
1937
1937
1937
1937
1936
1936
1936
1936
1935
1936
1936
1936
1936
1936
1934
1936
1936
1936
1936
1936
1936
1937
1938
1938
1938
1938
1938
1938
1937
1938
1938
1937
1937
1937
1937
1939
1940
1941
1943
1945
1947
1949
1955
1960
1965
1972
1979
1987
1995
2006
2016
2027
2038
2050
2064
2076
2089
2103
2117
2130
2143
2157
2171
2183
2196
2208
2219
2229
2241
2251
2261
2270
2279
2286
2295
2303
2309
2316
2322
2327
2333
2339
2343
2347
2350
2353
2356
2359
2361
2362
2363
2363
2363
2361
2359
2356
2355
2352
2348
2344
2340
2335
2329
2322
2317
2311
2304
2297
2290
2283
2274
2266
2260
2253
2245
2237
2229
2222
2214
2205
2199
2192
2184
2177
2170
2163
2156
2149
2143
2137
2129
2122
2116
2109
2102
2097
2091
2085
2080
2073
2067
2064
2057
2051
2046
2040
2033
2029
2025
2019
2016
2009
2004
1998
1994
1989
1984
1980
1975
1968
1965
1961
1957
1952
1949
1946
1941
1939
1936
1933
1931
1929
1927
1924
1923
1924
1923
1923
1923
1923
1922
1925
1926
1927
1929
1930
1931
1933
1936
1938
1939
1941
1944
1945
1945
1949
1950
1952
1952
1953
1953
1955
1957
1958
1959
1960
1960
1960
1961
1963
1963
1963
1964
1964
1962
1964
1965
1965
1966
1966
1967
1965
1967
1968
1966
1967
1967
1965
1965
1965
1965
1965
1964
1963
1961
1962
1961
1960
1958
1957
1956
1955
1955
1953
1953
1952
1950
1948
1948
1947
1945
1944
1944
1941
1941
1941
1941
1940
1940
1939
1939
1940
1940
1940
1940
1940
1939
1941
1942
1943
1944
1944
1944
1945
1947
1948
1949
1949
1949
1948
1951
1952
1952
1952
1952
1953
1951
1952
1952
1952
1952
1951
1948
1948
1950
1948
1949
1949
1948
1947
1948
1949
1948
1949
1949
1949
1950
1949
1952
1952
1953
1953
1953
1954
1954
1954
1956
1957
1957
1959
1961
1963
1965
1970
1975
1979
1985
1991
1998
2005
2014
2023
2034
2045
2056
2068
2081
2094
2106
2120
2134
2147
2160
2173
2187
2200
2212
2224
2235
2247
2257
2269
2279
2288
2297
2305
2312
2321
2329
2336
2343
2349
2356
2360
2366
2371
2376
2379
2383
2385
2387
2391
2392
2393
2393
2392
2391
2390
2387
2385
2381
2377
2372
2365
2361
2354
2347
2339
2332
2324
2315
2308
2299
2289
2281
2272
2262
2253
2245
2237
2228
2220
2211
2205
2197
2189
2181
2175
2169
2163
2156
2151
2145
2140
2133
2130
2126
2121
2117
2112
2108
2102
2100
2096
2092
2088
2084
2081
2075
2072
2068
2064
2059
2055
2050
2044
2041
2037
2032
2028
2023
2017
2014
2010
2005
2000
1995
1990
1987
1984
1980
1977
1974
1969
1968
1966
1963
1961
1959
1957
1953
1954
1953
1952
1952
1952
1952
1949
1952
1952
1952
1952
1952
1953
1955
1956
1958
1960
1961
1962
1965
1968
1969
1971
1973
1974
1977
1979
1980
1982
1984
1985
1987
1988
1989
1990
1991
1989
1992
1992
1992
1991
1991
1990
1992
1991
1990
1989
1987
1987
1987
1985
1985
1984
1983
1982
1981
1981
1981
1980
1981
1981
1981
