Sampling rate=500
1780
1776
1769
1765
1761
1756
1752
1748
1744
1740
1735
1733
1731
1728
1725
1723
1720
1718
1715
1712
1711
1710
1709
1707
1706
1705
1704
1703
1703
1703
1702
1701
1701
1701
1701
1700
1700
1700
1700
1701
1700
1700
1700
1700
1700
1700
1699
1700
1701
1701
1701
1701
1701
1701
1703
1704
1705
1707
1709
1712
1712
1713
1716
1717
1719
1722
1724
1727
1728
1729
1732
1733
1735
1737
1739
1740
1741
1744
1744
1746
1747
1748
1748
1749
1749
1752
1753
1753
1755
1755
1755
1755
1755
1755
1755
1754
1754
1752
1751
1749
1748
1745
1744
1744
1740
1737
1735
1734
1733
1731
1729
1728
1726
1725
1723
1721
1721
1720
1720
1718
1718
1717
1717
1716
1717
1716
1715
1715
1715
1717
1717
1718
1718
1719
1720
1721
1721
1723
1724
1724
1727
1729
1730
1732
1733
1736
1738
1741
1744
1744
1749
1751
1753
1756
1757
1761
1764
1767
1769
1773
1774
1778
1782
1785
1788
1791
1793
1797
1800
1803
1806
1811
1812
1815
1818
1823
1827
1829
1833
1836
1840
1841
1845
1847
1849
1851
1853
1857
1860
1864
1867
1869
1872
1875
1878
1881
1885
1888
1891
1895
1900
1904
1909
1913
1917
1923
1926
1931
1936
1937
1941
1947
1952
1955
1959
1962
1965
1968
1971
1973
1975
1977
1978
1980
1979
1979
1979
1981
1980
1978
1976
1973
1971
1968
1963
1959
1955
1950
1947
1943
1939
1936
1934
1933
1932
1933
1934
1937
1941
1945
1951
1960
1969
1979
1989
2001
2014
2028
2041
2056
2071
2085
2102
2117
2133
2150
2166
2181
2198
2214
2231
2245
2261
2276
2291
2307
2323
2338
2353
2368
2381
2395
2409
2423
2435
2448
2460
2473
2484
2495
2505
2514
2522
2531
2537
2544
2549
2553
2557
2560
2561
2563
2564
2563
2561
2560
2557
2553
2548
2543
2538
2532
2525
2518
2511
2502
2493
2484
2474
2465
2457
2448
2437
2428
2417
2408
2399
2389
2379
2371
2360
2353
2345
2337
2330
2323
2315
2309
2301
2295
2289
2284
2278
2272
2267
2260
2255
2249
2243
2237
2232
2226
2220
2215
2208
2202
2195
2189
2183
2176
2170
2164
2160
2152
2145
2139
2132
2125
2117
2111
2104
2098
2092
2084
2077
2070
2064
2057
2049
2044
2036
2029
2023
2016
2011
2005
1997
1992
1985
1981
1976
1971
1966
1961
1958
1954
1952
1947
1943
1940
1939
1936
1936
1933
1931
1931
1929
1929
1928
1928
1929
1931
1931
1933
1934
1936
1938
1940
1942
1944
1945
1948
1951
1953
1956
1959
1960
1962
1963
1965
1966
1968
1968
1969
1969
1971
1972
1972
1972
1972
1972
1972
1971
1971
1970
1970
1968
1968
1967
1968
1966
1965
1964
1963
1962
1961
1960
1959
1956
1955
1955
1953
1952
1950
1949
1947
1946
1944
1943
1941
1941
1940
1939
1936
1936
1936
1936
1936
1933
1933
1933
1933
1933
1932
1932
1933
1933
1933
1933
1933
1933
1933
1933
1933
1934
1935
1935
1933
1934
1937
1937
1936
1937
1937
1937
1938
1939
1937
1940
1940
1940
1940
1940
1941
1940
1940
1940
1940
1939
1938
1937
1938
1937
1938
1938
1938
1937
1936
1936
1936
1936
1936
1936
1936
1935
1936
1936
1936
1936
1936
1936
1936
1936
1936
1937
1936
1936
1938
1938
1939
1940
1940
1941
1942
1943
1944
1944
1946
1947
1948
1948
1949
1950
1949
1949
1949
1949
1948
1948
1948
1947
1945
1944
1943
1941
1939
1938
1937
1936
1933
1932
1931
1929
1928
1927
1925
1925
1926
1927
1926
1925
1926
1927
1926
1929
1929
1931
1931
1932
1936
1936
1939
1941
1943
1945
1948
1952
1952
1956
1959
1961
1964
1968
1972
1975
1978
1981
1985
1988
1991
1993
1997
2000
2003
2005
2009
2011
2016
2017
2021
2027
2032
2037
2041
2048
2056
2064
2071
2081
2091
2103
2115
2128
2139
2153
2166
2180
2194
2209
2222
2237
2253
2269
2283
2297
2312
2327
2341
2356
2369
2384
2396
2409
2423
2437
2448
2461
2473
2485
2497
2509
2520
2529
2541
2553
2563
2573
2583
2592
2601
2609
2617
2625
2634
2642
2648
2655
2661
2665
2671
2675
2678
2680
2682
2685
2686
2685
2685
2684
2682
2680
2676
2672
2667
2663
2656
2649
2642
2633
2625
2615
2606
2597
2587
2576
2565
2553
2543
2531
2518
2507
2496
2485
2474
2464
2453
2443
2432
2422
2412
2404
2395
2385
2377
2369
2361
2353
2347
2340
2332
2325
2320
2313
2307
2299
2294
2289
2283
2277
2272
2265
2258
2252
2245
2240
2233
2227
2221
2215
2208
2203
2195
2189
2184
2178
2172
2167
2161
2155
2151
2144
2139
2135
2131
2125
2121
2117
2113
2108
2105
2100
2097
2094
2091
2087
2083
2081
2079
2076
2074
2070
2069
2067
2065
2063
2064
2061
2059
2058
2057
2055
2054
2052
2053
2052
2051
2050
2049
2049
2048
2047
2047
2047
2046
2045
2045
2045
2043
2044
2045
2045
2045
2045
2045
2046
2045
2047
2046
2045
2047
2047
2048
2048
2049
2049
2048
2048
2047
2049
2048
2048
2047
2047
2045
2045
2045
2045
2043
2043
2041
2041
2039
2037
2035
2035
2033
2032
2031
2029
2027
2025
2021
2020
2019
2017
2016
2012
2010
2009
2004
2003
2001
2000
1997
1996
1993
1991
1989
1987
1984
1983
1981
1980
1978
1977
1975
1973
1971
1969
1968
1968
1965
1963
1962
1961
1959
1956
1956
1956
1955
1953
1952
1952
1949
1949
1948
1947
1945
1945
1944
1941
1941
1941
1939
1937
1937
1936
1934
1932
1931
1930
1929
1927
1925
1925
1923
1922
1920
1919
1918
1919
1917
1916
1915
1914
1912
1912
1912
1912
1912
1911
1911
1908
1908
1908
1908
1907
1906
1905
1904
1904
1902
1899
1897
1897
1896
1893
1892
1889
1887
1883
1880
1880
1877
1876
1873
1872
1869
1867
1865
1864
1864
1863
1861
1861
1860
1861
1860
1860
1859
1860
1863
1864
1864
1866
1867
1869
1872
1873
1875
1877
1880
1883
1885
1888
1889
1893
1895
1897
1899
1903
1905
1908
1910
1913
1916
1918
1920
1921
1924
1927
1931
1933
1937
1940
1944
1948
1952
1959
1966
1973
1980
1988
1997
2006
2016
2025
2038
2050
2062
2074
2088
2100
2113
2128
2140
2153
2168
2180
2195
2208
2221
2235
2248
2260
2273
2285
2299
2310
2321
2332
2344
2353
2364
2373
2383
2393
2401
2409
2417
2425
2432
2440
2446
2452
2457
2463
2468
2473
2477
2480
2483
2485
2487
2488
2488
2488
2488
2488
2486
2485
2482
2480
2476
2472
2468
2464
2457
2452
2446
2440
2432
2425
2416
2408
2400
2389
2378
2369
2358
2348
2337
2325
2314
2302
2291
2279
2268
2256
2244
2232
2223
2211
2200
2189
2178
2168
2157
2147
2137
2126
2117
2108
2099
2091
2081
2074
2065
2057
2049
2041
2033
2027
2019
2012
2004
1997
1991
1985
1978
1971
1965
1957
1952
1944
1937
1931
1924
1917
1912
1907
1900
1895
1888
1882
1876
1869
1864
1857
1852
1845
1840
1833
1829
1824
1819
1813
1808
1802
1797
1792
1787
1781
1776
1771
1767
1763
1760
1754
1750
1745
1741
1737
1733
1729
1725
1723
1721
1719
1716
1713
1712
1709
1707
1705
1702
1700
1700
1700
1699
1699
1697
1696
1696
1696
1696
1696
1697
1696
1696
1696
1698
1697
1697
1697
1699
1700
1700
1701
1701
1701
1704
1704
1704
1705
1704
1704
1704
1705
1706
1705
1705
1705
1704
1703
1704
1704
1701
1701
1700
1699
1696
1694
1694
1693
1691
1689
1687
1685
1682
1680
1679
1674
1674
1671
1669
1667
1664
1661
1659
1656
1656
1653
1650
1648
1646
1643
1641
1640
1636
1633
1632
1631
1629
1629
1628
1625
1624
1623
1621
1620
1617
1617
1617
1616
1616
1615
1615
1613
1612
1611
1611
1611
1612
1612
1612
1612
1612
1613
1613
1613
1613
1613
1616
1616
1616
1616
1616
1616
1616
1616
1616
1617
1617
1617
1617
1617
1616
1616
1616
1613
1613
1616
1613
1613
1610
1611
1611
1609
1609
1608
1607
1607
1605
1604
1602
1601
1602
1603
1603
1603
1603
1603
1604
1605
1605
1605
1607
1606
1609
1609
1611
1613
1613
1614
1616
1617
1617
1619
1621
1623
1625
1627
1628
1629
1632
1633
1634
1636
1637
1639
1640
1640
1641
1643
1644
1645
1647
1645
1645
1646
1646
1645
1645
1643
1641
1639
1637
1635
1634
1633
1632
1631
1629
1629
1628
1628
1628
1629
1632
1632
1637
1643
1648
1655
1661
1669
1680
1689
1700
1711
1724
1737
1751
1767
1779
1797
1813
1829
1845
1865
1883
1901
1920
1939
1957
1978
1999
2017
2039
2058
2081
2101
2123
2144
2164
2185
2205
2225
2245
2264
2283
2301
2320
2337
2352
2368
2382
2396
2408
2420
2431
2440
2449
2457
2464
2471
2475
2480
2484
2486
2488
2489
2489
2489
2489
2488
2486
2483
2481
2477
2473
2469
2464
2460
2456
2450
2445
2440
2433
2428
2422
2416
2410
2404
2398
2393
2387
2381
2376
2369
2365
2361
2355
2351
2344
2340
2335
2329
2324
2317
2311
2305
2299
2292
2284
2276
2267
2259
2249
2239
2229
2219
2208
2196
2186
2175
2163
2151
2140
2128
2116
2104
2093
2080
2069
2059
2047
2038
2028
2017
2008
1999
1989
1980
1972
1964
1957
1951
1943
1939
1934
1931
1927
1924
1922
1921
1921
1921
1924
1927
1931
1937
1941
1948
1955
1962
1969
1978
1986
1995
2003
2013
2023
2032
2040
2049
2057
2065
2074
2080
2085
2093
2099
2104
2108
2112
2115
2117
2119
2120
2120
2119
2118
2117
2114
2111
2105
2102
2099
2093
2088
2082
2076
2069
2064
2058
2051
2045
2037
2029
2025
2019
2012
2005
1999
1995
1989
1984
1978
1973
1969
1965
1961
1957
1954
1949
1949
1946
1944
1942
1940
1938
1936
1936
1934
1933
1932
1930
1929
1930
1930
1930
1930
1930
1931
1931
1931
1931
1933
1933
1936
1936
1937
1937
1938
1939
1939
1939
1939
1937
1936
1936
1935
1932
1929
1925
1922
1917
1912
1905
1899
1894
1888
1879
1872
1863
1855
1845
1836
1827
1818
1809
1799
1789
1780
1771
1762
1755
1746
1739
1731
1724
1717
1712
1704
1701
1696
1692
1688
1685
1683
1682
1681
1681
1681
1682
1685
1689
1693
1697
1702
1707
1714
1720
1728
1734
1742
1751
1761
1769
1779
1788
1797
1806
1816
1825
1832
1840
1849
1857
1864
1871
1876
1881
1885
1888
1893
1895
1897
1897
1897
1897
1897
1896
1893
1889
1889
1885
1881
1879
1874
1873
1868
1865
1861
1859
1856
1854
1852
1850
1849
1850
1850
1851
1852
1853
1855
1857
1861
1865
1869
1873
1877
1883
1889
1895
1900
1908
1916
1923
1930
1937
1945
1953
1959
1968
1976
1984
1991
2000
2007
2014
2021
2029
2039
2046
2055
2064
2071
2081
2089
2097
2106
2115
2126
2135
2144
2154
2164
2173
2183
2192
2202
2212
2221
2231
2240
2249
2257
2267
2275
2285
2293
2301
2310
2317
2327
2336
2344
2353
2362
2371
2379
2389
2398
2407
2416
2426
2436
2445
2456
2466
2476
2485
2496
2506
2516
2526
2535
2544
2553
2563
2571
2578
2585
2593
2599
2604
2609
2615
2619
2622
2624
2625
2626
2627
2626
2625
2622
2620
2616
2611
2607
2601
2595
2588
2579
2571
2563
2555
2545
2536
2525
2515
2505
2493
2481
2470
2457
2446
2433
2421
2408
2394
2381
2367
2352
2338
2323
2308
2293
2278
2261
2246
2229
2213
2197
2180
2164
2148
2132
2115
2099
2083
2067
2052
2037
2021
2008
1993
1978
1965
1953
1943
1931
1920
1909
1899
1890
1881
1873
1865
1859
1853
1848
1844
1840
1835
1832
1829
1828
1827
1825
1825
1824
1825
1829
1830
1832
1833
1837
1840
1844
1846
1849
1854
1859
1863
1867
1872
1876
1880
1885
1891
1896
1899
1904
1911
1916
1921
1927
1933
1939
1944
1950
1957
1963
1970
1975
1983
1991
1998
2005
2012
2020
2027
2035
2041
2049
2057
2066
2074
2081
2089
2096
2104
2110
2116
2121
2128
2133
2139
2144
2147
2151
2153
2155
2155
2157
2157
2157
2157
2155
2153
2151
2147
2144
2139
2134
2129
2123
2116
2111
2103
2096
2088
2078
2072
2064
2054
2045
2036
2027
2020
2010
2001
1993
1985
1977
1970
1962
1955
1948
1943
1938
1933
1928
1923
1919
1915
1912
1909
1905
1904
1903
1901
1901
1899
1899
1897
1897
1897
1896
1893
1894
1895
1894
1892
1891
1890
1888
1887
1884
1882
1878
1876
1873
1869
1865
1861
1857
1853
1847
1844
1840
1834
1830
1825
1820
1815
1812
1805
1800
1796
1793
1789
1785
1781
1778
1775
1771
1767
1765
1763
1760
1757
1755
1753
1752
1751
1750
1748
1747
1748
1749
1750
1751
1751
1753
1755
1757
1760
1764
1767
1772
1776
1779
1785
1791
1797
1802
1809
1814
1820
1826
1832
1838
1843
1849
1855
1861
1865
1869
1873
1876
1880
1882
1883
1887
1888
1889
1890
1889
1889
1889
1888
1887
1885
1882
1880
1877
1875
1872
1868
1865
1864
1859
1856
1853
1848
1845
1840
1837
1833
1832
1829
1827
1825
1824
1824
1824
1824
1827
1831
1835
1841
1846
1853
1861
1870
1880
1891
1904
1914
1929
1943
1957
1972
1988
2004
2021
2037
2052
2069
2087
2105
2123
2139
2156
2171
2187
2203
2219
2233
2247
2261
2274
2288
2301
2313
2324
2334
2345
2354
2363
2371
2379
2385
2393
2399
2404
2408
2411
2414
2416
2417
2418
2417
2417
2415
2416
2412
2409
2406
2403
2399
2393
2388
2384
2379
2373
2368
2360
2355
2349
2343
2336
2329
2323
2316
2310
2305
2299
2293
2288
2283
2278
2273
2267
2264
2261
2258
2256
2252
2249
2247
2245
2241
2239
2239
2237
2235
2232
2229
2227
2224
2221
2217
2213
2210
2205
2200
2195
2190
2184
2178
2172
2164
2158
2152
2145
2137
2128
2120
2112
2103
2094
2085
2076
2067
2058
2048
2039
2031
2021
2012
2003
1995
1986
1978
1968
1961
1955
1948
1941
1936
1929
1924
1919
1914
1909
1906
1904
1899
1896
1893
1893
1891
1890
1889
1889
1889
1889
1888
1889
1892
1892
1895
1896
1898
1900
1902
1905
1908
1909
1913
1917
1920
1923
1926
1928
1932
1934
1937
1940
1940
1943
1945
1948
1948
1949
1951
1952
1950
1951
1949
1949
1948
1949
1949
1947
1947
1945
1944
1942
1940
1939
1937
1936
1933
1932
1929
1927
1925
1923
1921
1919
1916
1913
1909
1909
1907
1904
1903
1899
1899
1897
1896
1893
1892
1891
1891
1890
1890
1889
1889
1888
1888
1888
1888
1888
1885
1885
1885
1885
1885
1884
1884
1884
1884
1883
1883
1880
1881
1881
1881
1881
1880
1880
1879
1878
1877
1876
1877
1876
1875
1873
1873
1872
1870
1869
1867
1865
1863
1861
1861
1860
1858
1857
1856
1853
1852
1851
1850
1849
1848
1847
1845
1844
1843
1842
1842
1840
1840
1840
1840
1840
1840
1840
1840
1840
1840
1840
1840
1839
1840
1843
1843
1844
1845
1847
1848
1849
1850
1851
1853
1855
1857
1859
1861
1862
1863
1864
1864
1864
1864
1862
1861
1861
