Sampling rate=500
2345
2339
2332
2326
2320
2314
2308
2304
2298
2293
2289
2284
2280
2277
2273
2269
2266
2263
2259
2257
2252
2248
2245
2243
2240
2236
2232
2228
2224
2221
2216
2212
2209
2203
2199
2195
2189
2185
2181
2177
2172
2167
2162
2157
2153
2147
2141
2135
2129
2123
2116
2108
2103
2096
2089
2082
2075
2067
2061
2053
2046
2039
2032
2025
2017
2010
2003
1997
1991
1985
1979
1973
1968
1963
1957
1952
1948
1944
1940
1938
1936
1934
1932
1931
1929
1929
1928
1928
1928
1929
1929
1930
1931
1933
1935
1936
1938
1939
1943
1944
1946
1947
1949
1952
1953
1954
1954
1955
1955
1957
1957
1958
1959
1960
1959
1959
1957
1959
1957
1955
1955
1953
1952
1949
1947
1946
1944
1943
1940
1937
1935
1932
1929
1927
1924
1921
1918
1916
1913
1910
1908
1905
1903
1900
1897
1896
1894
1892
1890
1889
1888
1884
1884
1883
1882
1881
1880
1880
1878
1879
1878
1877
1877
1877
1876
1876
1877
1877
1877
1876
1876
1876
1876
1876
1875
1875
1875
1875
1874
1873
1872
1872
1872
1871
1869
1869
1867
1867
1865
1863
1861
1859
1857
1855
1853
1851
1849
1847
1845
1842
1839
1836
1835
1832
1830
1829
1828
1826
1825
1822
1820
1819
1817
1816
1814
1813
1812
1810
1809
1808
1808
1807
1807
1805
1806
1806
1805
1804
1804
1803
1803
1803
1803
1801
1801
1800
1801
1800
1800
1800
1799
1799
1797
1797
1797
1796
1795
1795
1793
1793
1792
1793
1793
1793
1793
1792
1792
1792
1793
1795
1795
1796
1796
1798
1800
1801
1801
1803
1804
1806
1808
1809
1811
1812
1814
1816
1817
1820
1821
1822
1824
1825
1828
1829
1832
1833
1835
1836
1838
1841
1843
1844
1847
1849
1849
1851
1852
1853
1855
1857
1859
1861
1863
1865
1868
1872
1876
1880
1885
1891
1900
1908
1917
1927
1938
1952
1964
1977
1993
2008
2024
2040
2057
2075
2095
2113
2132
2151
2169
2188
2207
2224
2242
2260
2277
2295
2310
2327
2343
2360
2376
2390
2405
2420
2435
2449
2463
2476
2490
2503
2516
2528
2540
2552
2564
2575
2586
2596
2607
2616
2624
2632
2640
2647
2653
2660
2665
2669
2673
2677
2679
2681
2683
2683
2683
2682
2680
2679
2675
2672
2667
2662
2656
2649
2643
2636
2628
2620
2611
2602
2593
2584
2575
2565
2555
2546
2536
2527
2517
2507
2499
2490
2481
2473
2464
2457
2450
2443
2436
2431
2423
2418
2412
2407
2400
2395
2391
2385
2380
2375
2369
2363
2357
2352
2346
2339
2333
2327
2321
2313
2306
2299
2292
2285
2276
2269
2261
2254
2247
2237
2230
2222
2214
2207
2198
2192
2183
2175
2169
2163
2156
2151
2144
2138
2132
2128
2121
2118
2114
2110
2105
2103
2101
2097
2096
2093
2091
2088
2085
2085
2085
2084
2083
2082
2082
2081
2080
2080
2081
2081
2080
2080
2080
2079
2078
2077
2077
2077
2075
2074
2074
2073
2073
2073
2072
2071
2071
2068
2068
2068
2068
2068
2068
2067
2067
2065
2065
2064
2064
2064
2064
2063
2063
2061
2061
2060
2059
2058
2057
2056
2056
2055
2055
2054
2053
2052
2052
2050
2049
2049
2049
2048
2046
2045
2044
2043
2040
2041
2040
2039
2037
2036
2033
2033
2032
2029
2027
2027
2025
2023
2021
2020
2017
2016
2016
2014
2012
2010
2007
2007
2005
2004
2002
2000
1997
1999
1996
1995
1993
1992
1990
1989
1988
1985
1985
1984
1982
1981
1979
1977
1976
1975
1973
1972
1970
1969
1968
1968
1966
1964
1962
1960
1959
1957
1956
1955
1953
1951
1950
1948
1946
1945
1944
1943
1941
1939
1938
1937
1936
1936
1934
1932
1931
1931
1931
1930
1929
1929
1928
1928
1926
1926
1924
1923
1923
1921
1922
1921
1920
1919
1917
1915
1913
1912
1909
1907
1905
1904
1901
1900
1897
1894
1891
1888
1885
1883
1879
1877
1875
1873
1872
1869
1868
1866
1865
1864
1863
1863
1863
1863
1863
1864
1866
1866
1868
1869
1872
1872
1875
1876
1878
1881
1883
1885
1888
1891
1893
1896
1898
1901
1905
1908
1910
1912
1915
1918
1921
1924
1927
1928
1931
1934
1938
1941
1945
1948
1952
1956
1960
1967
1973
1981
1987
1995
2005
2013
2021
2032
2043
2054
2066
2079
2092
2105
2117
2131
2144
2156
2170
2184
2198
2211
2225
2237
2251
2264
2277
2289
2302
2315
2328
2341
2353
2365
2377
2389
2401
2413
2424
2436
2449
2460
2472
2483
2494
2505
2515
2525
2535
2544
2553
2561
2569
2576
2583
2588
2593
2599
2604
2607
2609
2611
2612
2613
2612
2610
2609
2606
2603
2599
2593
2588
2582
2574
2566
2558
2550
2541
2531
2520
2510
2500
2489
2477
2465
2452
2441
2430
2418
2406
2393
2384
2371
2361
2350
2340
2329
2318
2310
2300
2291
2281
2273
2265
2257
2249
2241
2234
2227
2220
2212
2206
2200
2193
2187
2180
2174
2168
2160
2156
2149
2144
2137
2131
2125
2118
2111
2105
2099
2093
2087
2081
2075
2069
2064
2057
2051
2045
2040
2036
2031
2025
2020
2016
2009
2005
2001
1998
1994
1989
1987
1983
1979
1975
1973
1969
1968
1967
1964
1962
1960
1958
1957
1955
1953
1952
1952
1952
1950
1949
1948
1947
1946
1946
1944
1943
1943
1943
1944
1943
1943
1943
1943
1943
1942
1943
1941
1940
1941
1943
1943
1944
1943
1942
1943
1943
1943
1943
1942
1942
1941
1943
1942
1943
1943
1943
1943
1941
1941
1941
1939
1939
1938
1939
1939
1938
1937
1936
1936
1934
1933
1932
1931
1929
1928
1925
1925
1923
1923
1921
1919
1918
1917
1915
1913
1911
1908
1907
1907
1904
1902
1900
1898
1896
1896
1893
1891
1889
1886
1885
1885
1883
1881
1881
1879
1879
1876
1875
1875
1875
1875
1873
1872
1872
1868
1869
1867
1865
1863
1861
1859
1856
1853
1850
1847
1843
1839
1835
1832
1827
1824
1818
1814
1808
1802
1797
1792
1789
1785
1780
1776
1769
1765
1761
1756
1752
1748
1745
1739
1739
1736
1733
1729
1727
1724
1723
1719
1717
1717
1717
1715
1713
1712
1711
1709
1707
1705
1704
1703
1700
1697
1696
1692
1692
1689
1685
1683
1680
1676
1672
1667
1663
1661
1657
1653
1649
1645
1642
1639
1635
1633
1628
1625
1623
1621
1620
1617
1616
1613
1611
1609
1609
1611
1610
1611
1610
1611
1610
1610
1612
1613
1616
1616
1617
1618
1619
1619
1618
1619
1621
1620
1620
1620
1619
1618
1617
1616
1613
1611
1610
1609
1607
1605
1603
1601
1600
1599
1599
1600
1600
1601
1603
1605
1609
1615
1620
1627
1633
1642
1651
1659
1669
1680
1689
1701
1712
1722
1734
1745
1757
1769
1783
1796
1808
1821
1833
1848
1860
1873
1886
1899
1914
1928
1941
1954
1968
1982
1995
2009
2021
2035
2048
2060
2071
2085
2096
2106
2117
2127
2136
2144
2153
2160
2167
2173
2177
2181
2185
2187
2189
2190
2190
2189
2188
2186
2182
2180
2175
2170
2165
2158
2152
2145
2137
2128
2121
2113
2104
2096
2088
2078
2069
2061
2053
2046
2038
2031
2023
2016
2009
2003
1995
1991
1985
1980
1974
1969
1964
1957
1953
1949
1944
1940
1935
1930
1925
1921
1917
1913
1908
1904
1898
1895
1892
1888
1883
1880
1876
1873
1869
1867
1864
1861
1858
1856
1853
1849
1847
1846
1845
1844
1841
1841
1840
1837
1835
1835
1833
1832
1831
1829
1829
1828
1827
1825
1825
1824
1824
1824
1822
1821
1821
1819
1818
1817
1815
1813
1812
1809
1808
1807
1804
1801
1798
1796
1794
1791
1791
1787
1785
1781
1779
1777
1774
1771
1768
1765
1763
1760
1757
1755
1752
1750
1749
1746
1745
1744
1743
1741
1741
1740
1739
1738
1737
1737
1737
1737
1737
1737
1738
1739
1741
1742
1745
1746
1748
1749
1752
1755
1757
1760
1763
1765
1769
1772
1776
1780
1782
1787
1791
1795
1799
1803
1808
1812
1816
1821
1825
1829
1833
1837
1840
1844
1848
1853
1857
1860
1864
1866
1869
1873
1877
1880
1884
1887
1889
1892
1894
1897
1898
1900
1901
1904
1902
1904
1905
1906
1906
1907
1907
1907
1905
1905
1905
1905
1904
1901
1901
1901
1900
1899
1899
1897
1897
1896
1895
1894
1893
1893
1891
1893
1893
1893
1893
1894
1895
1896
1897
1896
1899
1901
1904
1905
1908
1909
1913
1916
1919
1921
1923
1927
1931
1934
1937
1940
1943
1946
1949
1949
1952
1953
1954
1955
1954
1953
1950
1948
1944
1939
1936
1930
1924
1917
1909
1903
1893
1885
1876
1869
1859
1850
1841
1832
1822
1813
1804
1795
1787
1779
1771
1764
1757
1751
1745
1740
1736
1731
1728
1724
1723
1723
1721
1723
1723
1724
1727
1728
1733
1736
1741
1747
1752
1759
1764
1771
1777
1784
1792
1798
1807
1815
1824
1831
1840
1849
1859
1869
1880
1891
1902
1913
1925
1938
1951
1964
1977
1991
2003
2017
2029
2041
2053
2065
2077
2088
2097
2108
2119
2128
2137
2145
2155
2165
2173
2181
2191
2199
2208
2217
2227
2237
2247
2257
2268
2277
2291
2302
2313
2325
2336
2346
2357
2367
2377
2387
2396
2404
2412
2420
2427
2433
2439
2444
2448
2452
2456
2460
2464
2465
2466
2468
2469
2468
2469
2468
2467
2465
2464
2459
2457
2454
2449
2445
2440
2433
2429
2423
2417
2409
2403
2394
2387
2380
2373
2367
2359
2352
2344
2336
2329
2322
2313
2307
2298
2292
2285
2278
2270
2262
2255
2247
2239
2231
2223
2215
2208
2199
2192
2183
2176
2168
2163
2156
2149
2144
2137
2129
2125
2120
2115
2109
2104
2098
2093
2088
2081
2076
2071
2064
2059
2052
2045
2037
2030
2021
2013
2004
1995
1985
1975
1965
1954
1944
1933
1923
1913
1901
1892
1881
1872
1860
1849
1840
1829
1820
1812
1803
1795
1786
1780
1773
1768
1764
1760
1757
1755
1753
1753
1753
1755
1758
1761
1765
1769
1776
1781
1788
1795
1802
1808
1817
1827
1835
1845
1853
1862
1872
1880
1888
1897
1906
1915
1923
1931
1939
1946
1954
1961
1968
1973
1978
1981
1988
1992
1996
1999
2001
2005
2007
2008
2010
2012
2013
2014
2016
2017
2018
2021
2022
2024
2026
2028
2030
2032
2033
2035
2038
2040
2041
2043
2045
2047
2051
2052
2055
2056
2058
2059
2059
2061
2064
2064
2065
2065
2065
2065
2065
2065
2064
2064
2061
2059
2058
2056
2053
2050
2047
2044
2041
2037
2033
2030
2027
2023
2019
2015
2012
2008
2004
2001
1997
1993
1991
1988
1985
1983
1980
1978
1976
1974
1972
1971
1971
1969
1969
1968
1969
1969
1969
1969
1970
1972
1971
1973
1975
1977
1979
1982
1984
1987
1990
1993
1996
2000
2003
2005
2009
2012
2016
2018
2021
2025
2029
2033
2035
2037
2040
2041
2043
2044
2045
2046
2045
2045
2045
2045
2042
2043
2042
2040
2038
2036
2035
2032
2030
2028
2025
2023
2021
2019
2017
2016
2013
2010
2009
2007
2005
2003
2000
2000
1998
1997
1994
1993
1992
1993
1991
1992
1991
1991
1991
1992
1993
1994
1995
1996
1999
2000
2001
2004
2008
2009
2012
2014
2016
2018
2021
2023
2027
2030
2033
2037
2042
2047
2053
2058
2065
2072
2080
2088
2096
2104
2114
2125
2136
2147
2158
2169
2180
2192
2205
2217
2229
2241
2253
2264
2277
2289
2301
2313
2325
2336
2347
2360
2371
2382
2392
2404
2413
2425
2436
2448
2457
2467
2477
2488
2497
2507
2517
2526
2535
2544
2553
2561
2569
2577
2585
2592
2598
2604
2608
2613
2617
2621
2624
2627
2629
2630
2631
2630
2629
2628
2626
2623
2619
2613
2609
2604
2598
2592
2584
2576
2568
2560
2550
2540
2531
2521
2510
2498
2489
2477
2467
2456
2445
2435
2424
2413
2403
2393
2383
2374
2365
2356
2347
2338
2330
2322
2314
2307
2300
2292
2284
2278
2272
2266
2261
2256
2249
2243
2237
2232
2227
2222
2217
2211
2206
2202
2198
2193
2189
2185
2181
2176
2172
2168
2164
2160
2155
2151
2147
2144
2141
2137
2133
2129
2127
2123
2120
2116
2112
2109
2107
2103
2100
2097
2096
2092
2089
2087
2084
2082
2080
2076
2073
2072
2071
2069
2067
2065
2064
2061
2059
2058
2056
2055
2053
2052
2051
2049
2048
2047
2045
2045
2043
2043
2042
2041
2041
2040
2040
2039
2040
2040
2039
2040
2039
2038
2038
2037
2037
2037
2037
2037
2036
2034
2033
2033
2033
2032
2032
2032
2032
2032
2032
2030
2029
2029
2028
2028
2027
2025
2025
2025
2024
2023
2022
2021
2020
2019
2017
2016
2015
2013
2012
2009
2008
2006
2004
2003
2001
2001
2000
1998
1996
1995
1992
1991
1990
1988
1987
1985
1984
1980
1979
1979
1977
1976
1974
1973
1970
1971
1969
1968
1967
1965
1964
1962
1962
1961
1959
1957
1957
1957
1956
1955
1955
1953
1952
1952
1950
1949
1947
1945
1946
1945
1944
1943
1941
1940
1939
1937
1936
1936
1934
1933
1931
1931
1930
1929
1929
1928
1927
1925
1925
1924
1924
1923
1923
1921
1921
1920
1918
1917
1916
1915
1914
1913
1913
1912
1910
1908
1907
1905
1904
1901
1898
1897
1895
1893
1891
1888
1885
1884
1881
1879
1877
1876
1873
1873
1872
1869
1868
1868
1868
1867
1867
1867
1867
1867
1868
1869
1869
1872
1873
1874
1876
1878
1880
1882
1884
1886
1889
1891
1894
1895
1899
1901
1904
1906
1909
1912
1913
1916
1918
1920
1921
1925
1927
1930
1932
1935
1937
1940
1943
1947
1951
1955
1960
1966
1971
1978
1985
1993
2000
2008
2016
2027
2036
2047
2057
2068
2080
2089
2101
2112
2122
2133
2145
2157
2169
2180
2192
2203
2213
2225
2236
2247
2257
2269
2279
2290
2301
2312
2323
2333
2344
2355
2365
2376
2386
2396
2406
2416
2426
2435
2445
2455
2465
2473
2481
2490
2497
2504
2512
2516
2521
2527
2531
2535
2537
2539
2541
2541
2541
2540
2539
2537
2533
2530
2525
2520
2513
2507
2500
2493
2485
2477
2469
2459
2449
2440
2430
2419
2409
2398
2388
2378
2368
2357
2348
2338
2329
2320
2310
2301
2293
2284
2277
2268
2261
2254
2245
2241
2234
2228
2222
2217
2211
2205
2199
2193
2187
2182
2178
2172
2167
2161
2155
2149
2144
2137
2131
2125
2119
2112
2105
2099
2093
2086
2080
2073
2066
2059
2053
2047
2040
2035
2030
2024
2019
2012
2008
2002
1997
1993
1987
1984
1980
1976
1973
1969
1966
1963
1960
1958
1956
1953
1952
1952
1950
1950
1949
1949
1948
1947
1948
1947
1948
1948
1948
1947
1948
1949
1949
1951
1951
1952
1952
1952
1952
1952
1952
1952
1952
1952
1953
1953
1953
1953
1952
1953
1955
1955
1954
1954
1955
1953
1955
1955
1953
1955
1954
1953
1953
1952
1952
1952
1952
1950
1949
1947
1948
1947
1946
1945
1944
1943
1942
1940
1939
1938
1937
1936
1934
1933
1929
1930
1929
1927
1926
1924
1923
1921
1919
1917
1916
1913
1913
1912
1911
1909
1908
1907
1905
1904
1902
1901
1900
1898
1897
1896
1894
1893
1892
1893
1892
1891
1891
1889
