Sampling rate=500
1944
1941
1939
1936
1934
1931
1929
1929
1928
1927
1925
1925
1925
1925
1924
1924
1925
1926
1927
1927
1930
1932
1933
1936
1938
1941
1941
1946
1952
1954
1957
1961
1965
1969
1973
1979
1982
1988
1992
1997
2001
2005
2009
2013
2016
2021
2024
2027
2030
2032
2035
2035
2039
2040
2041
2041
2042
2041
2041
2040
2041
2040
2039
2037
2036
2035
2032
2030
2029
2027
2024
2021
2019
2016
2011
2011
2009
2005
2003
2000
1997
1995
1991
1987
1985
1983
1980
1977
1975
1972
1968
1967
1965
1963
1961
1958
1956
1954
1952
1951
1949
1947
1945
1943
1943
1941
1939
1936
1936
1933
1931
1928
1925
1923
1919
1916
1911
1907
1904
1897
1893
1886
1879
1873
1867
1859
1852
1843
1835
1826
1818
1809
1801
1792
1782
1773
1764
1755
1745
1737
1729
1721
1713
1705
1698
1691
1683
1679
1675
1670
1666
1663
1660
1658
1657
1656
1657
1657
1660
1661
1664
1667
1670
1676
1681
1685
1690
1696
1702
1707
1715
1722
1729
1735
1741
1748
1755
1761
1767
1772
1780
1786
1792
1796
1801
1806
1809
1814
1819
1822
1825
1827
1829
1832
1832
1833
1836
1836
1837
1837
1838
1838
1838
1837
1837
1837
1837
1837
1836
1836
1834
1835
1835
1834
1833
1833
1832
1832
1833
1834
1835
1836
1838
1840
1841
1843
1848
1851
1854
1857
1861
1865
1867
1873
1877
1880
1884
1888
1889
1892
1896
1899
1901
1904
1906
1908
1909
1915
1918
1921
1925
1930
1936
1941
1948
1955
1964
1972
1982
1992
2001
2013
2026
2038
2051
2062
2076
2090
2103
2116
2128
2141
2156
2168
2181
2194
2206
2217
2231
2243
2256
2266
2277
2288
2300
2311
2323
2334
2345
2356
2368
2379
2389
2401
2412
2423
2433
2443
2453
2465
2476
2485
2496
2504
2515
2524
2532
2540
2549
2556
2563
2569
2575
2580
2585
2589
2593
2596
2599
2600
2601
2603
2602
2601
2601
2597
2595
2593
2589
2585
2580
2576
2569
2562
2556
2551
2544
2535
2528
2519
2510
2501
2492
2483
2476
2467
2458
2449
2440
2431
2424
2416
2407
2400
2391
2382
2376
2368
2360
2353
2346
2339
2331
2324
2316
2310
2304
2297
2291
2283
2276
2271
2265
2258
2252
2245
2238
2231
2227
2220
2215
2208
2203
2197
2192
2185
2181
2177
2171
2167
2163
2158
2153
2149
2147
2144
2140
2137
2133
2129
2128
2125
2123
2120
2119
2116
2113
2111
2109
2109
2107
2105
2104
2103
2100
2099
2099
2097
2096
2095
2093
2092
2092
2091
2089
2088
2087
2085
2085
2083
2082
2083
2081
2080
2079
2078
2077
2076
2075
2076
2075
2073
2073
2073
2072
2071
2072
2071
2071
2071
2069
2070
2069
2068
2067
2068
2068
2067
2067
2066
2065
2065
2064
2064
2064
2064
2064
2061
2061
2061
2059
2059
2057
2057
2057
2056
2055
2054
2053
2053
2051
2049
2049
2047
2045
2045
2043
2039
2039
2038
2036
2034
2033
2032
2029
2026
2025
2024
2022
2020
2018
2016
2015
2013
2011
2008
2006
2006
2004
2003
2001
2000
1998
1995
1995
1993
1993
1991
1989
1989
1987
1985
1984
1983
1982
1982
1980
1980
1979
1979
1976
1977
1976
1973
1975
1973
1973
1973
1970
1972
1971
1971
1969
1969
1968
1969
1968
1965
1967
1966
1965
1965
1963
1963
1962
1961
1960
1959
1960
1960
1959
1957
1957
1956
1955
1953
1952
1953
1952
1952
1950
1949
1948
1947
1945
1944
1940
1939
1939
1936
1934
1931
1929
1926
1923
1921
1920
1917
1914
1912
1909
1907
1904
1903
1902
1901
1899
1898
1897
1897
1896
1895
1897
1896
1897
1897
1897
1899
1898
1900
1903
1905
1905
1908
1909
1912
1913
1915
1919
1922
1925
1927
1930
1932
1936
1938
1941
1945
1948
1952
1954
1957
1959
1961
1964
1968
1971
1974
1977
1981
1985
1989
1993
1998
2002
2008
2016
2024
2030
2039
2047
2057
2065
2076
2088
2098
2109
2120
2131
2144
2153
2167
2179
2191
2201
2213
2225
2237
2249
2260
2272
2283
2295
2307
2317
2329
2340
2352
2364
2375
2386
2397
2408
2421
2431
2443
2453
2464
2476
2485
2496
2506
2515
2526
2535
2544
2551
2559
2566
2572
2578
2583
2587
2592
2594
2597
2599
2600
2600
2600
2599
2596
2593
2590
2585
2580
2574
2569
2562
2555
2547
2537
2528
2517
2507
2497
2487
2475
2464
2453
2441
2429
2417
2406
2396
2385
2374
2364
2353
2344
2336
2326
2317
2309
2301
2294
2288
2280
2273
2265
2259
2255
2248
2241
2236
2229
2224
2217
2211
2207
2201
2195
2188
2182
2176
2169
2163
2156
2150
2144
2136
2129
2123
2116
2108
2103
2096
2089
2083
2076
2070
2064
2056
2051
2046
2041
2036
2032
2025
2021
2017
2012
2009
2006
2003
2000
1996
1994
1992
1990
1988
1986
1982
1981
1981
1981
1979
1978
1977
1976
1975
1975
1972
1974
1973
1973
1972
1972
1971
1970
1969
1970
1970
1971
1970
1970
1969
1969
1968
1969
1969
1968
1968
1967
1968
1968
1968
1966
1968
1966
1966
1965
1964
1966
1965
1964
1964
1963
1962
1963
1963
1963
1962
1963
1961
1961
1960
1958
1957
1957
1957
1956
1955
1953
1952
1950
1949
1948
1946
1944
1943
1942
1941
1938
1936
1936
1932
1931
1929
1925
1924
1924
1923
1920
1917
1916
1913
1911
1909
1907
1904
1903
1901
1900
1897
1897
1893
1892
1890
1888
1887
1886
1885
1883
1881
1881
1880
1878
1876
1876
1875
1874
1873
1872
1871
1869
1868
1866
1865
1865
1865
1864
1862
1862
1861
1859
1857
1858
1857
1856
1856
1854
1853
1852
1852
1849
1849
1849
1848
1848
1847
1845
1844
1842
1843
1842
1841
1840
1840
1840
1839
1837
1836
1835
1836
1835
1834
1833
1833
1832
1832
1829
1829
1828
1827
1825
1824
1822
1821
1818
1816
1813
1812
1811
1809
1806
1804
1802
1801
1799
1797
1795
1794
1794
1793
1793
1793
1793
1792
1792
1793
1794
1795
1796
1797
1799
1800
1802
1803
1804
1808
1810
1812
1814
1816
1818
1821
1824
1824
1827
1831
1833
1836
1838
1840
1843
1845
1848
1849
1852
1855
1857
1859
1861
1864
1866
1869
1872
1876
1880
1885
1890
1895
1901
1907
1913
1920
1931
1940
1948
1958
1969
1979
1991
2000
2012
2024
2037
2048
2060
2072
2084
2096
2107
2121
2133
2145
2156
2168
2180
2192
2204
2216
2226
2238
2251
2262
2273
2285
2297
2308
2320
2330
2343
2353
2364
2374
2385
2394
2403
2413
2423
2431
2439
2447
2453
2460
2465
2471
2475
2480
2483
2486
2488
2489
2490
2489
2488
2487
2485
2482
2478
2473
2468
2463
2456
2449
2441
2433
2425
2416
2406
2397
2387
2376
2365
2355
2345
2336
2324
2315
2304
2293
2283
2275
2266
2257
2248
2240
2232
2224
2216
2208
2200
2193
2187
2181
2175
2168
2162
2156
2149
2144
2137
2133
2128
2121
2115
2109
2104
2098
2091
2085
2081
2074
2067
2061
2055
2047
2041
2033
2029
2022
2016
2009
2003
1996
1990
1984
1977
1973
1968
1963
1957
1952
1948
1944
1940
1936
1931
1927
1925
1922
1920
1917
1915
1913
1911
1909
1907
1907
1907
1905
1905
1905
1905
1904
1904
1904
1905
1905
1905
1907
1906
1907
1908
1907
1908
1909
1911
1911
1911
1912
1912
1912
1912
1912
1912
1913
1913
1913
1913
1913
1913
1913
1913
1913
1913
1913
1913
1912
1913
1912
1912
1909
1911
1911
1910
1909
1909
1907
1907
1907
1907
1906
1905
1905
1904
1903
1902
1900
1900
1900
1899
1897
1896
1896
1894
1892
1892
1891
1889
1888
1886
1885
1883
1882
1880
1877
1877
1877
1875
1873
1872
1869
1868
1866
1863
1863
1861
1860
1859
1857
1856
1854
1852
1851
1849
1848
1848
1848
1846
1845
1844
1844
1842
1840
1841
1841
1840
1840
1840
1837
1837
1836
1834
1833
1835
1833
1833
1833
1832
1831
1830
1828
1827
1828
1828
1826
1825
1824
1824
1824
1823
1821
1820
1819
1819
1817
1816
1816
1814
1813
1811
1811
1810
1809
1809
1808
1808
1805
1804
1804
1804
1803
1802
1801
1800
1797
1799
1798
1796
1796
1795
1793
1790
1789
1789
1788
1786
1785
1783
1781
1779
1777
1777
1774
1773
1771
1769
1767
1765
1761
1761
1760
1757
1756
1753
1752
1749
1746
1745
1745
1744
1741
1739
1737
1736
1733
1731
1731
1731
1728
1728
1726
1725
1725
1723
1723
1724
1724
1723
1723
1723
1724
1723
1723
1725
1726
1727
1728
1729
1731
1733
1733
1739
1744
1747
1751
1757
1762
1768
1774
1782
1792
1801
1811
1821
1831
1841
1853
1863
1876
1889
1900
1912
1923
1933
1947
1957
1969
1980
1989
2001
2013
2022
2032
2041
2053
2061
2071
2080
2088
2099
2108
2117
2127
2135
2144
2152
2160
2169
2177
2184
2192
2199
2208
2215
2222
2228
2235
2240
2246
2251
2256
2260
2264
2265
2268
2272
2272
2273
2273
2272
2271
2268
2265
2261
2256
2251
2245
2238
2232
2225
2217
2208
2200
2190
2180
2171
2160
2149
2138
2128
2119
2108
2097
2086
2076
2065
2056
2045
2036
2025
2016
2007
2000
1990
1981
1973
1965
1957
1950
1942
1936
1928
1919
1912
1905
1899
1892
1885
1877
1872
1864
1857
1850
1844
1836
1828
1822
1817
1810
1803
1797
1791
1785
1779
1773
1767
1761
1756
1749
1744
1739
1735
1731
1725
1720
1716
1712
1707
1704
1700
1696
1691
1689
1687
1684
1681
1678
1675
1673
1672
1671
1668
1665
1667
1665
1665
1665
1665
1665
1664
1665
1664
1667
1667
1668
1669
1669
1669
1671
1673
1675
1675
1676
1677
1679
1680
1681
1682
1682
1685
1687
1688
1688
1690
1692
1693
1693
1694
1697
1698
1700
1701
1703
1705
1707
1708
1710
1710
1712
1715
1717
1719
1720
1721
1723
1725
1727
1728
1730
1730
1732
1735
1736
1737
1739
1739
1740
1739
1741
1743
1742
1742
1742
1741
1742
1741
1740
1739
1739
1739
1737
1737
1735
1735
1735
1733
1732
1731
1730
1729
1727
1727
1728
1728
1727
1726
1726
1726
1727
1728
1727
1728
1727
1728
1729
1730
1731
1731
1732
1733
1733
1733
1735
1736
1737
1739
1739
1740
1741
1741
1744
1744
1744
1745
1749
1750
1751
1752
1753
1755
1757
1758
1760
1761
1764
1766
1768
1770
1772
1774
1776
1777
1779
1782
1785
1788
1792
1793
1797
1799
1802
1805
1808
1809
1814
1817
1820
1824
1826
1829
1832
1834
1836
1837
1841
1844
1845
1847
1849
1851
1852
1854
1855
1857
1861
1864
1865
1867
1869
1872
1874
1877
1879
1881
1882
1884
1888
1891
1893
1896
1897
1899
1901
1904
1905
1906
1907
1908
1909
1911
1913
1913
1914
1915
1916
1917
1917
1917
1916
1917
1917
1917
1916
1913
1912
1910
1908
1905
1904
1899
1897
1895
1893
1892
1892
1891
1891
1895
1896
1900
1904
1909
1916
1923
1930
1939
1949
1960
1972
1983
1995
2008
2019
2032
2046
2059
2073
2086
2099
2112
2124
2137
2153
2165
2179
2192
2205
2217
2230
2243
2256
2268
2280
2291
2304
2313
2325
2337
2349
2359
2369
2378
2387
2395
2403
2409
2417
2423
2428
2433
2436
2439
2442
2445
2447
2448
2448
2446
2445
2443
2441
2437
2434
2429
2425
2421
2416
2409
2403
2396
2389
2382
2375
2366
2359
2352
2342
2335
2328
2321
2313
2306
2299
2292
2285
2277
2272
2267
2261
2255
2248
2245
2240
2235
2230
2225
2220
2216
2211
2206
2201
2195
2192
2187
2181
2176
2171
2165
2160
2153
2148
2142
2136
2129
2124
2118
2112
2105
2100
2093
2086
2080
2073
2067
2060
2052
2046
2040
2034
2027
2021
2016
2009
2003
1998
1992
1987
1983
1980
1975
1971
1968
1964
1961
1959
1955
1953
1952
1952
1949
1948
1946
1945
1944
1943
1942
1941
1940
1941
1941
1942
1943
1943
1943
1944
1944
1945
1945
1945
1947
1949
1952
1953
1954
1955
1956
1958
1960
1961
1962
1964
1963
1965
1967
1968
1968
1969
1969
1969
1970
1971
1970
1969
1970
1971
1971
1970
1970
1970
1969
1969
1968
1968
1968
1968
1968
1966
1967
1965
1965
1965
1963
1964
1964
1964
1963
1963
1963
1962
1963
1962
1960
1960
1961
1962
1961
1961
1961
1961
1961
1961
1961
1960
1960
1961
1961
1960
1960
1960
1960
1960
1960
1957
1957
1959
1959
1959
1958
1958
1957
1957
1956
1956
1957
1957
1957
1957
1957
1957
1957
1957
1957
1956
1955
1956
1957
1957
1957
1957
1957
1956
1956
1955
1953
1953
1953
1953
1953
1952
1952
1952
1950
1950
1949
1949
1947
1948
1948
1947
1947
1946
1947
1947
1947
1946
1948
1947
1948
1948
1948
1949
1948
1949
1951
1952
1952
1952
1953
1953
1954
1956
1957
1958
1959
1958
1961
1961
1962
1962
1962
1963
1963
1963
1961
1961
1961
1961
1960
1957
1956
1955
1953
1949
1948
1948
1947
1945
1944
1943
1941
1941
1939
1937
1939
1940
1940
1939
1940
1941
1941
1942
1944
1942
1945
1947
1949
1950
1952
1953
1955
1957
1960
1961
1964
1965
1969
1973
1976
1978
1981
1985
1987
1991
1993
1995
2000
2003
2006
2008
2011
2013
2016
2018
2021
2024
2027
2032
2037
2041
2047
2053
2059
2066
2073
2081
2088
2098
2108
2119
2129
2140
2151
2161
2173
2185
2196
2208
2218
2229
2241
2252
2262
2273
2283
2294
2304
2315
2324
2335
2345
2353
2365
2375
2384
2393
2404
2415
2424
2434
2443
2454
2464
2472
2481
2491
2498
2507
2515
2524
2531
2537
2544
2551
2556
2561
2565
2568
2572
2575
2577
2579
2579
2580
2579
2577
2576
2573
2570
2566
2561
2557
2551
2545
2538
2530
2522
2514
2504
2495
2487
2477
2468
2457
2447
2437
2427
2416
2405
2397
2387
2378
2369
2360
2352
2344
2336
2327
2321
2314
2308
2301
2295
2289
2283
2277
2273
2265
2261
2257
2253
2248
2243
2237
2232
2228
2224
2218
2213
2208
2202
2197
2193
2187
2183
2177
2172
2166
2161
2155
2150
2144
2139
2135
2131
2125
2121
2115
2110
2105
2101
2097
2092
2089
2083
2081
2077
2073
2072
2069
2066
2064
2061
2059
2057
2055
2053
2052
2049
2048
2046
2046
2045
2044
2043
2042
2041
2040
2040
2039
2039
2038
2037
2037
2037
2039
2039
2040
2040
2040
2040
2040
2040
2040
2040
2039
2040
2041
2041
2041
2041
2041
2040
2041
2041
2041
2040
2040
2041
2041
2042
2043
2042
2043
2042
2042
2042
2042
2041
2040
2040
2040
2040
2040
2040
2038
2037
2037
2035
2035
2033
2032
2030
2029
2029
2027
2027
2025
2024
2022
2021
2020
2018
2017
2016
2013
2011
2009
2009
2008
2005
2004
2002
2000
1999
1997
1995
1993
1990
1988
1988
1987
1985
1984
1983
1981
1980
1979
1978
1976
1974
1974
1973
1972
1971
1970
1970
1968
1968
1968
1965
1964
1963
1963
1963
1961
1960
1960
1959
1957
1956
1956
1955
1954
1952
1952
1952
1952
1950
1949
1948
1948
1948
1946
1946
1945
1943
1944
1944
1943
1942
1941
1940
1940
1939
1939
1939
