Sampling rate=500
2093
2071
2052
2030
2011
1991
1973
1953
1935
1915
1899
1881
1864
1849
1834
1818
1805
1793
1779
1768
1757
1745
1736
1727
1717
1710
1702
1694
1689
1683
1678
1675
1669
1664
1660
1657
1653
1648
1645
1641
1636
1634
1632
1628
1626
1624
1621
1617
1616
1612
1609
1605
1604
1601
1600
1598
1597
1595
1593
1593
1592
1592
1589
1589
1587
1585
1585
1585
1584
1584
1582
1580
1579
1577
1574
1573
1570
1565
1565
1563
1560
1559
1556
1553
1553
1552
1548
1547
1544
1540
1539
1536
1536
1532
1529
1529
1527
1525
1524
1522
1520
1520
1516
1514
1513
1512
1509
1509
1507
1504
1505
1503
1500
1497
1493
1491
1488
1481
1480
1475
1471
1468
1464
1460
1457
1453
1449
1448
1443
1440
1436
1432
1431
1427
1424
1424
1421
1419
1417
1413
1413
1410
1408
1407
1403
1400
1399
1396
1393
1392
1388
1385
1381
1376
1372
1367
1360
1356
1351
1343
1341
1337
1334
1330
1325
1325
1322
1320
1319
1318
1317
1317
1318
1317
1322
1325
1331
1336
1341
1348
1358
1369
1381
1396
1414
1433
1456
1481
1508
1541
1575
1609
1650
1689
1731
1776
1820
1863
1910
1956
2003
2048
2092
2137
2179
2220
2261
2298
2337
2371
2404
2437
2468
2497
2528
2554
2581
2606
2629
2653
2675
2696
2716
2734
2753
2770
2787
2804
2820
2833
2847
2861
2872
2883
2892
2901
2908
2912
2918
2922
2925
2928
2928
2928
2928
2925
2921
2917
2912
2906
2900
2892
2884
2876
2868
2860
2851
2841
2832
2821
2811
2801
2789
2778
2767
2755
2744
2733
2721
2710
2697
2685
2672
2657
2643
2627
2611
2593
2576
2557
2537
2518
2496
2475
2453
2429
2406
2382
2357
2331
2307
2281
2256
2232
2206
2183
2160
2136
2113
2090
2069
2047
2024
2004
1985
1967
1947
1928
1912
1896
1879
1864
1848
1833
1819
1805
1791
1780
1768
1756
1747
1737
1729
1721
1712
1707
1701
1695
1689
1682
1681
1677
1673
1672
1669
1668
1667
1665
1664
1663
1661
1659
1656
1653
1653
1650
1648
1648
1648
1645
1645
1644
1644
1643
1640
1641
1641
1640
1640
1641
1641
1643
1643
1644
1645
1645
1646
1645
1645
1645
1644
1643
1644
1644
1644
1643
1643
1642
1641
1638
1639
1636
1633
1633
1632
1628
1628
1627
1625
1625
1623
1624
1622
1620
1619
1617
1616
1614
1611
1612
1609
1608
1609
1606
1605
1603
1601
1599
1596
1593
1590
1588
1584
1584
1580
1579
1575
1572
1570
1568
1562
1560
1557
1555
1552
1548
1546
1544
1540
1540
1537
1536
1533
1531
1528
1525
1522
1520
1517
1513
1512
1508
1507
1502
1501
1497
1495
1489
1488
1481
1478
1472
1468
1465
1461
1456
1453
1449
1445
1440
1436
1433
1430
1427
1424
1424
1422
1424
1424
1424
1427
1429
1431
1435
1440
1443
1451
1457
1467
1480
1489
1507
1525
1545
1568
1592
1620
1650
1681
1716
1753
1793
1836
1877
1924
1969
2014
2063
2108
2153
2200
2244
2288
2330
2369
2410
2448
2485
2521
2554
2588
2618
2647
2675
2701
2725
2749
2772
2795
2815
2836
2857
2876
2894
2912
2928
2945
2960
2973
2986
2998
3009
3019
3029
3036
3044
3049
3054
3057
3057
3059
3059
3056
3054
3051
3046
3041
3036
3031
3024
3017
3009
3000
2992
2982
2972
2962
2952
2943
2931
2921
2911
2900
2888
2877
2864
2852
2839
2825
2809
2796
2781
2765
2750
2733
2717
2699
2680
2662
2642
2621
2600
2579
2556
2533
2510
2488
2464
2443
2419
2396
2374
2352
2328
2305
2283
2260
2240
2219
2200
2179
2161
2144
2125
2108
2091
2075
2058
2042
2027
2013
1999
1986
1974
1962
1952
1941
1932
1922
1913
1905
1897
1891
1884
1880
1875
1872
1868
1866
1863
1862
1860
1859
1859
1856
1856
1853
1854
1854
1852
1854
1853
1854
1854
1853
1852
1853
1852
1851
1848
1850
1850
1848
1851
1852
1852
1855
1856
1857
1858
1861
1862
1864
1865
1868
1871
1873
1876
1877
1878
1882
1884
1883
1885
1885
1884
1886
1885
1884
1884
1884
1883
1883
1882
1881
1880
1879
1877
1875
1874
1873
1872
1872
1872
1872
1872
1872
1872
1873
1872
1872
1871
1871
1870
1869
1869
1868
1867
1867
1865
1864
1860
1861
1857
1855
1852
1849
1847
1846
1841
1840
1840
1837
1833
1833
1829
1825
1825
1821
1817
1816
1813
1811
1808
1808
1805
1805
1803
1801
1800
1797
1796
1793
1793
1792
1789
1789
1787
1786
1783
1780
1776
1773
1769
1767
1763
1760
1756
1753
1751
1748
1748
1747
1744
1746
1745
1745
1747
1748
1749
1753
1757
1760
1769
1776
1784
1794
1805
1818
1831
1849
1867
1889
1912
1938
1968
1998
2032
2068
2104
2144
2185
2226
2269
2312
2356
2400
2442
2486
2529
2569
2611
2651
2689
2725
2760
2793
2824
2856
2884
2912
2940
2965
2990
3015
3037
3060
3081
3101
3120
3139
3157
3174
3191
3207
3222
3237
3251
3263
3274
3284
3293
3300
3306
3310
3312
3314
3315
3315
3313
3310
3307
3302
3297
3291
3283
3276
3268
3259
3251
3242
3233
3224
3216
3207
3198
3189
3179
3169
3159
3148
3136
3124
3112
3100
3089
3076
3062
3048
3035
3018
3003
2985
2968
2949
2930
2910
2890
2870
2848
2828
2806
2784
2762
2739
2716
2693
2669
2644
2621
2599
2577
2555
2532
2510
2489
2469
2448
2428
2408
2387
2368
2351
2332
2313
2299
2281
2267
2251
2237
2224
2209
2195
2183
2171
2160
2149
2137
2129
2121
2113
2105
2100
2093
2085
2081
2075
2068
2065
2060
2056
2051
2048
2045
2041
2039
2035
2030
2029
2025
2022
2018
2017
2014
2011
2010
2008
2005
2005
2004
2001
1999
1997
1995
1992
1991
1988
1986
1984
1981
1978
1976
1973
1970
1967
1962
1957
1952
1946
1940
1933
1928
1921
1913
1907
1899
1892
1882
1875
1865
1857
1850
1841
1833
1829
1822
1816
1811
1808
1802
1799
1794
1791
1788
1785
1783
1780
1780
1777
1776
1775
1773
1771
1769
1767
1761
1760
1755
1750
1747
1742
1737
1733
1728
1724
1719
1715
1709
1705
1699
1694
1688
1685
1681
1677
1673
1669
1665
1663
1659
1655
1651
1648
1643
1639
1635
1632
1629
1625
1623
1619
1617
1613
1610
1607
1603
1599
1592
1588
1584
1576
1572
1565
1558
1553
1546
1540
1533
1528
1520
1513
1510
1505
1500
1500
1497
1495
1496
1496
1496
1501
1504
1507
1512
1520
1529
1539
1552
1568
1584
1607
1629
1652
1681
1712
1743
1779
1815
1852
1895
1936
1978
2024
2068
2113
2157
2202
2245
2288
2328
2366
2407
2443
2478
2514
2547
2579
2609
2638
2665
2692
2716
2741
2761
2784
2804
2824
2842
2861
2879
2895
2911
2925
2938
2951
2962
2972
2983
2992
3000
3006
3012
3017
3021
3024
3025
3027
3026
3024
3021
3017
3012
3006
3001
2994
2988
2980
2971
2963
2954
2944
2935
2924
2913
2903
2892
2881
2871
2859
2848
2837
2825
2813
2801
2788
2772
2759
2744
2728
2711
2693
2677
2659
2639
2621
2600
2580
2557
2535
2512
2488
2464
2441
2416
2391
2368
2343
2317
2295
2272
2245
2221
2197
2174
2151
2128
2106
2085
2064
2043
2022
2004
1985
1968
1948
1932
1913
1897
1881
1865
1852
1838
1827
1815
1804
1793
1784
1773
1765
1755
1746
1740
1733
1727
1721
1717
1713
1708
1705
1701
1696
1693
1689
1687
1683
1679
1678
1676
1673
1672
1671
1667
1667
1665
1664
1661
1660
1657
1655
1654
1652
1652
1651
1649
1649
1648
1648
1646
1644
1644
1644
1641
1642
1643
1641
1642
1640
1642
1640
1641
1640
1637
1637
1635
1632
1632
1628
1628
1625
1623
1621
1617
1616
1612
1609
1608
1605
1602
1601
1599
1598
1597
1596
1596
1596
1595
1595
1592
1593
1591
1590
1589
1587
1585
1584
1581
1579
1577
1575
1571
1568
1563
1561
1556
1553
1550
1545
1545
1543
1541
1539
1537
1536
1533
1531
1528
1527
1525
1521
1520
1517
1513
1512
1509
1507
1504
1501
1497
1493
1489
1487
1483
1480
1477
1472
1471
1467
1463
1460
1456
1451
1448
1443
1438
1435
1432
1428
1427
1425
1424
1420
1421
1420
1419
1419
1420
1419
1424
1425
1429
1434
1441
1447
1458
1468
1479
1494
1511
1529
1549
1571
1600
1628
1657
1693
1729
1768
1807
1846
1891
1933
1976
2021
2065
2109
2153
2196
2238
2280
2320
2360
2397
2432
2468
2501
2532
2563
2592
2621
2648
2673
2698
2722
2745
2766
2786
2805
2824
2841
2856
2873
2889
2902
2917
2931
2943
2954
2965
2974
2981
2989
2995
2999
3001
3004
3005
3005
3005
3002
2999
2995
2989
2984
2977
2969
2961
2951
2942
2932
2922
2913
2903
2892
2882
2872
2860
2850
2839
2827
2816
2803
2793
2781
2769
2757
2744
2731
2716
2703
2687
2670
2652
2633
2614
2593
2571
2550
2528
2504
2480
2456
2431
2407
2381
2356
2330
2304
2280
2256
2229
2208
2184
2161
2140
2118
2098
2076
2056
2037
2016
1997
1981
1964
1948
1932
1917
1904
1890
1877
1864
1853
1840
1832
1821
1812
1803
1794
1789
1781
1776
1769
1764
1757
1753
1749
1744
1741
1736
1733
1729
1728
1725
1723
1721
1719
1716
1715
1712
1709
1708
1705
1703
1703
1701
1701
1701
1698
1700
1700
1697
1699
1698
1698
1699
1698
1699
1700
1700
1701
1704
1704
1704
1704
1704
1704
1704
1704
1704
1704
1704
1704
1704
1703
1701
1700
1697
1697
1693
1692
1689
1688
1685
1684
1681
1680
1678
1678
1675
1675
1675
1673
1673
1672
1669
1672
1671
1669
1671
1670
1668
1669
1667
1665
1663
1661
1658
1656
1652
1648
1648
1643
1640
1638
1636
1633
1629
1628
1625
1622
1621
1620
1617
1617
1616
1613
1614
1613
1610
1609
1608
1604
1604
1601
1597
1598
1596
1592
1592
1590
1586
1585
1581
1578
1574
1568
1564
1560
1554
1550
1546
1541
1539
1536
1531
1529
1526
1523
1524
1523
1523
1523
1523
1528
1531
1535
1540
1545
1551
1560
1567
1579
1588
1599
1616
1632
1649
1672
1696
1721
1751
1782
1815
1851
1888
1928
1969
2011
2056
2099
2144
2189
2235
2279
2323
2364
2407
2448
2485
2524
2560
2595
2629
2662
2693
2724
2754
2782
2809
2836
2861
2885
2908
2931
2952
2972
2993
3013
3032
3049
3066
3081
3096
3109
3120
3132
3141
3150
3157
3164
3170
3175
3177
3180
3182
3181
3181
3178
3175
3171
3165
3160
3153
3146
3140
3133
3124
3117
3108
3098
3089
3079
3069
3059
3048
3040
3029
3020
3010
3000
2989
2979
2968
2956
2943
2931
2917
2902
2888
2872
2857
2840
2821
2805
2784
2765
2744
2721
2699
2676
2652
2629
2605
2580
2557
2533
2510
2487
2464
2440
2417
2394
2373
2351
2332
2312
2293
2275
2258
2241
2224
2210
2194
2180
2166
2153
2140
2126
2116
2104
2096
2087
2079
2071
2064
2057
2051
2045
2039
2036
2032
2028
2024
2021
2021
2018
2016
2016
2014
2011
2009
2008
2005
2005
2002
2002
2001
1998
2000
1997
1996
1996
1995
1992
1992
1990
1989
1988
1987
1988
1987
1989
1988
1989
1989
1989
1990
1989
1991
1989
1989
1991
1990
1989
1991
1991
1989
1990
1989
1987
1987
1985
1984
1981
1979
1978
1976
1972
1973
1972
1968
1968
1966
1964
1962
1960
1957
1957
1956
1953
1954
1955
1954
1955
1952
1953
1953
1950
1951
1949
1945
1946
1944
1944
1941
1938
1938
1936
1932
1930
1927
1923
1920
1916
1913
1910
1905
1904
1902
1898
1897
1895
1892
1889
1888
1885
1883
1880
1880
1877
1876
1875
1873
1872
1869
1867
1864
1862
1857
1853
1849
1845
1840
1836
1829
1825
1820
1815
1810
1804
1800
1794
1792
1788
1788
1786
1787
1787
1789
1791
1793
1796
1799
1804
1806
1812
1816
1825
1832
1840
1850
1861
1874
1889
1904
1922
1944
1967
1991
2020
2048
2080
2116
2153
2189
2230
2270
2311
2352
2392
2433
2472
2512
2551
2587
2623
2660
2693
2726
2758
2789
2816
2844
2871
2896
2920
2943
2967
2989
3009
3029
3049
3068
3086
3103
3118
3132
3145
3157
3168
3178
3186
3195
3201
3207
3212
3216
3219
3219
3219
3217
3215
3212
3207
3202
3197
3190
3183
3175
3166
3156
3146
3135
3123
3110
3096
3083
3069
3056
3040
3027
3012
2996
2982
2966
2950
2935
2918
2901
2883
2867
2849
2832
2814
2796
2777
2757
2737
2717
2696
2674
2652
2629
2606
2584
2561
2538
2515
2492
2469
2445
2423
2400
2377
2355
2331
2311
2289
2267
2248
2227
2208
2189
2171
2152
2134
2116
2097
2081
2064
2047
2030
2016
2002
1988
1974
1962
1950
1939
1928
1916
1908
1899
1889
1883
1876
1869
1865
1859
1856
1850
1846
1841
1836
1832
1827
1824
1819
1815
1811
1808
1802
1799
1793
1788
1785
1779
1773
1770
1765
1758
1755
1752
1747
1744
1740
1736
1735
1731
1726
1724
1721
1720
1717
1716
1713
1713
1712
1709
1709
1708
1707
1705
1701
1700
1697
1696
1693
1691
1689
1685
1684
1680
1680
1675
1671
1667
1664
1660
1657
1652
1649
1648
1645
1641
1641
1640
1637
1637
1634
1631
1629
1628
1627
1624
1622
1620
1618
1616
1613
1609
1605
1604
1600
1594
1592
1588
1584
1581
1578
1576
1571
1569
1565
1561
1557
1554
1549
1545
1543
1536
1534
1531
1528
1524
1521
1520
1513
1512
1509
1505
1504
1501
1498
1496
1493
1492
1489
1486
1485
1480
1477
1469
1466
1461
1453
1450
1444
1440
1434
1429
1427
1424
1419
1419
1417
1415
1415
1415
1415
1417
1420
1424
1426
1431
1437
1442
1449
1457
1467
1477
1489
1505
1520
1542
1564
1588
1617
1648
1680
1714
1752
1789
1829
1871
1911
1955
1997
2039
2083
2125
2165
2206
2245
2281
2317
2351
2384
2414
2444
2472
2499
2524
2550
2573
2597
2619
2640
2659
2678
2696
2714
2730
2746
2761
2775
2788
2801
2812
2822
2832
2840
2846
2852
2857
2860
2864
2864
2866
2866
2864
2864
2861
2857
2853
2847
2839
2832
2825
2816
2808
2800
2789
2781
2771
2761
2750
2739
2729
2717
2705
2694
2683
2670
2659
2648
2634
2623
2610
2596
2583
2568
2551
2536
2517
2499
2481
2461
2443
2423
2400
2381
2358
2335
2313
2289
2265
2241
2217
2193
2168
2146
2123
2101
2077
2056
2035
2013
1991
1972
1952
1932
1915
1896
1880
1864
1848
1834
1820
1806
1796
1781
1769
1759
1747
1736
1728
1718
1709
1703
1696
1688
1681
1676
1670
1665
1660
1654
1652
1648
1644
1643
1640
1639
1637
1637
1633
1634
1632
1629
1629
1626
1624
1624
1622
1620
1621
1619
1618
1617
1616
1613
1613
1612
1610
1612
1612
1611
1613
1613
1613
1617
1618
1617
1620
1620
1620
1621
1621
1622
1621
1623
1623
1623
1623
1620
1621
1619
1617
1616
1611
1612
1610
1609
1607
1607
1605
1603
1604
1603
1603
1603
1603
1602
1603
1603
1601
1603
1603
1605
1604
1604
1603
1603
1601
1600
1597
1593
1593
1590
1585
