Sampling rate=500
2857
2869
2881
2893
2903
2911
2919
2925
2930
2932
2936
2937
2937
2937
2935
2934
2931
2925
2922
2916
2910
2902
2895
2885
2876
2866
2856
2847
2836
2825
2814
2802
2791
2778
2765
2752
2739
2724
2711
2696
2682
2668
2653
2639
2623
2608
2591
2573
2554
2534
2517
2496
2476
2455
2432
2411
2389
2367
2343
2320
2296
2273
2248
2224
2201
2176
2154
2131
2110
2088
2067
2047
2025
2005
1985
1966
1947
1928
1910
1892
1876
1859
1844
1829
1814
1800
1785
1772
1757
1745
1733
1722
1712
1702
1693
1683
1677
1671
1663
1657
1651
1644
1639
1632
1628
1623
1619
1616
1612
1609
1605
1602
1599
1596
1592
1589
1584
1584
1581
1579
1577
1576
1574
1573
1571
1571
1570
1569
1568
1568
1566
1566
1565
1564
1565
1565
1567
1566
1568
1567
1565
1565
1565
1565
1564
1563
1564
1562
1564
1563
1561
1562
1561
1561
1560
1560
1557
1557
1556
1554
1555
1553
1555
1554
1555
1554
1553
1553
1552
1552
1551
1548
1549
1548
1548
1547
1545
1545
1543
1542
1540
1537
1536
1533
1531
1527
1525
1521
1521
1520
1516
1514
1509
1509
1507
1505
1502
1499
1497
1495
1495
1492
1493
1492
1491
1489
1488
1488
1485
1483
1481
1481
1480
1479
1477
1475
1475
1472
1470
1466
1464
1459
1456
1451
1447
1441
1435
1433
1429
1424
1421
1416
1416
1413
1411
1408
1406
1407
1407
1409
1409
1413
1415
1417
1421
1425
1429
1433
1439
1443
1449
1460
1469
1482
1495
1511
1530
1552
1575
1600
1629
1659
1689
1725
1760
1800
1837
1879
1919
1961
2002
2044
2083
2123
2162
2199
2235
2269
2303
2334
2367
2398
2427
2455
2481
2508
2533
2558
2580
2601
2624
2645
2665
2684
2704
2721
2740
2755
2772
2787
2800
2812
2823
2832
2841
2850
2856
2863
2868
2872
2875
2876
2877
2876
2875
2872
2868
2864
2858
2853
2847
2840
2834
2826
2818
2808
2800
2790
2780
2769
2758
2748
2736
2726
2715
2704
2693
2681
2669
2656
2645
2631
2617
2603
2588
2573
2556
2541
2525
2508
2489
2470
2451
2429
2409
2386
2365
2342
2320
2296
2272
2250
2226
2204
2181
2159
2136
2113
2092
2070
2050
2030
2011
1993
1973
1959
1942
1927
1911
1895
1881
1867
1854
1841
1829
1817
1805
1796
1785
1777
1770
1763
1754
1745
1741
1734
1729
1723
1716
1714
1710
1708
1704
1699
1697
1694
1692
1688
1685
1680
1677
1675
1672
1667
1666
1664
1663
1660
1656
1656
1653
1652
1651
1648
1648
1648
1646
1648
1648
1649
1649
1651
1652
1652
1652
1654
1655
1656
1657
1656
1660
1661
1663
1664
1664
1667
1667
1667
1667
1665
1667
1666
1665
1665
1665
1666
1666
1664
1665
1665
1665
1665
1664
1663
1664
1664
1665
1665
1664
1667
1668
1667
1668
1667
1667
1665
1663
1663
1661
1661
1659
1656
1657
1655
1653
1651
1649
1648
1645
1641
1640
1637
1637
1636
1633
1633
1632
1632
1629
1629
1626
1627
1623
1623
1620
1621
1619
1618
1617
1617
1616
1616
1612
1612
1609
1605
1604
1601
1597
1595
1592
1589
1585
1581
1578
1573
1568
1565
1561
1558
1555
1553
1550
1548
1549
1547
1550
1551
1552
1554
1556
1559
1561
1562
1568
1572
1579
1585
1592
1604
1613
1625
1642
1658
1677
1698
1723
1748
1779
1809
1844
1880
1917
1957
1997
2038
2081
2121
2164
2205
2245
2287
2326
2364
2403
2440
2475
2509
2541
2573
2603
2632
2660
2687
2713
2740
2764
2789
2813
2836
2859
2880
2899
2920
2939
2956
2973
2989
3004
3017
3030
3043
3054
3063
3072
3078
3083
3088
3090
3092
3091
3090
3089
3088
3084
3080
3075
3069
3064
3056
3048
3040
3031
3022
3013
3004
2995
2986
2977
2968
2959
2948
2940
2930
2919
2909
2898
2888
2877
2865
2856
2844
2831
2819
2807
2791
2777
2762
2746
2729
2711
2693
2676
2656
2638
2618
2599
2578
2557
2536
2515
2493
2471
2449
2427
2407
2387
2366
2347
2328
2309
2291
2274
2256
2240
2224
2208
2194
2180
2168
2156
2144
2134
2123
2114
2104
2093
2088
2080
2072
2065
2057
2053
2049
2045
2041
2036
2033
2031
2028
2025
2021
2021
2019
2017
2016
2014
2015
2014
2013
2013
2012
2012
2011
2008
2008
2007
2005
2004
2001
2002
2000
2000
2000
2000
1998
1997
1995
1996
1995
1997
1997
1997
2001
2003
2003
2007
2009
2010
2012
2014
2016
2016
2016
2019
2019
2019
2020
2021
2020
2020
2019
2019
2018
2017
2017
2015
2016
2015
2014
2016
2014
2016
2017
2017
2017
2019
2018
2018
2016
2018
2018
2017
2017
2017
2017
2016
2014
2014
2011
2008
2007
2004
2003
2000
1997
1998
1997
1995
1993
1994
1993
1992
1992
1990
1988
1989
1986
1989
1987
1988
1988
1985
1987
1986
1985
1984
1982
1980
1978
1976
1975
1972
1968
1968
1965
1959
1957
1953
1946
1942
1937
1932
1927
1922
1919
1915
1912
1911
1908
1907
1909
1908
1908
1910
1912
1913
1917
1920
1923
1928
1932
1938
1942
1947
1954
1961
1968
1978
1987
2000
2014
2029
2049
2069
2091
2116
2143
2171
2200
2232
2265
2298
2332
2368
2404
2439
2476
2512
2548
2583
2615
2649
2680
2711
2740
2768
2796
2824
2849
2875
2900
2924
2946
2968
2990
3008
3028
3046
3063
3079
3095
3109
3122
3134
3147
3156
3164
3172
3177
3182
3185
3186
3188
3187
3186
3184
3181
3178
3173
3168
3163
3156
3148
3140
3131
3122
3113
3104
3094
3084
3073
3063
3052
3040
3028
3014
3001
2987
2973
2959
2944
2929
2914
2897
2882
2865
2848
2830
2811
2792
2771
2750
2730
2709
2686
2666
2644
2621
2598
2576
2554
2531
2506
2484
2460
2437
2416
2393
2371
2351
2329
2309
2289
2268
2249
2229
2209
2192
2172
2154
2136
2119
2103
2087
2071
2057
2042
2028
2013
2000
1989
1976
1963
1953
1943
1934
1925
1915
1908
1900
1893
1885
1877
1872
1863
1856
1850
1844
1837
1833
1826
1824
1817
1812
1808
1803
1798
1793
1787
1785
1781
1777
1773
1769
1767
1763
1759
1755
1749
1747
1742
1737
1735
1731
1728
1725
1721
1720
1717
1716
1713
1710
1710
1708
1705
1705
1703
1703
1701
1699
1699
1697
1696
1694
1693
1690
1688
1684
1681
1680
1677
1674
1672
1671
1669
1667
1665
1664
1661
1661
1660
1658
1657
1657
1656
1658
1657
1657
1657
1655
1656
1654
1653
1651
1648
1645
1643
1639
1636
1633
1630
1625
1622
1619
1614
1611
1607
1601
1599
1596
1592
1589
1588
1585
1584
1582
1580
1577
1576
1572
1570
1568
1565
1563
1560
1560
1557
1554
1553
1551
1548
1545
1541
1539
1536
1531
1529
1525
1522
1518
1513
1511
1508
1505
1501
1495
1493
1490
1488
1485
1483
1484
1483
1484
1485
1483
1488
1488
1489
1492
1495
1498
1504
1507
1516
1524
1535
1547
1560
1576
1595
1612
1636
1661
1687
1716
1745
1779
1813
1849
1885
1922
1961
1998
2036
2073
2108
2145
2180
2214
2247
2278
2312
2341
2370
2398
2425
2451
2475
2498
2521
2542
2563
2583
2603
2622
2641
2658
2675
2690
2705
2718
2731
2742
2753
2764
2773
2781
2788
2795
2801
2806
2810
2812
2813
2813
2812
2811
2808
2805
2801
2796
2790
2784
2777
2769
2760
2752
2741
2731
2720
2709
2698
2687
2676
2664
2653
2642
2629
2617
2605
2593
2580
2567
2554
2539
2525
2512
2497
2481
2465
2448
2430
2413
2393
2373
2352
2329
2309
2286
2265
2242
2220
2199
2176
2155
2133
2110
2089
2068
2047
2026
2005
1987
1968
1952
1933
1916
1899
1881
1867
1851
1837
1821
1805
1792
1780
1768
1757
1745
1736
1727
1719
1710
1701
1695
1688
1681
1676
1671
1667
1663
1657
1656
1653
1649
1648
1644
1640
1638
1635
1633
1632
1629
1627
1625
1625
1624
1621
1621
1619
1618
1616
1614
1614
1613
1613
1613
1613
1613
1614
1616
1613
1614
1614
1616
1614
1616
1617
1617
1617
1617
1620
1620
1621
1623
1622
1624
1624
1624
1624
1624
1625
1625
1625
1627
1626
1628
1628
1629
1629
1626
1628
1627
1627
1627
1625
1628
1628
1629
1630
1632
1632
1632
1632
1633
1633
1633
1633
1632
1633
1633
1633
1632
1629
1630
1629
1627
1624
1620
1619
1616
1614
1613
1611
1610
1609
1608
1608
1605
1605
1604
1603
1603
1601
1601
1601
1600
1599
1600
1600
1598
1597
1595
1593
1591
1588
1585
1582
1579
1576
1572
1568
1564
1561
1556
1553
1548
1545
1540
1539
1536
1531
1532
1531
1529
1531
1529
1532
1533
1533
1536
1536
1537
1538
1538
1543
1545
1548
1552
1555
1563
1569
1576
1585
1593
1608
1623
1640
1659
1680
1705
1731
1760
1790
1820
1855
1889
1923
1960
1995
2033
2069
2105
2142
2177
2212
2247
2279
2311
2340
2372
2400
2427
2453
2479
2504
2529
2552
2575
2596
2617
2637
2656
2675
2692
2708
2724
2737
2752
2765
2777
2789
2800
2809
2817
2824
2830
2835
2839
2841
2841
2843
2843
2843
2840
2837
2834
2829
2824
2816
2808
2800
2791
2780
2771
2760
2750
2739
2728
2716
2705
2693
2682
2669
2658
2646
2635
2621
2610
2600
2588
2576
2564
2551
2539
2525
2512
2495
2478
2464
2445
2428
2409
2388
2369
2349
2328
2306
2283
2261
2238
2216
2193
2171
2149
2128
2107
2088
2065
2048
2029
2010
1992
1975
1957
1941
1924
1909
1895
1881
1867
1855
1842
1832
1818
1809
1798
1789
1779
1770
1763
1755
1749
1744
1738
1733
1728
1723
1721
1716
1712
1709
1706
1703
1700
1698
1697
1693
1692
1692
1691
1689
1688
1685
1684
1682
1679
1680
1677
1677
1676
1676
1675
1674
1673
1673
1673
1673
1672
1672
1673
1673
1674
1676
1680
1681
1685
1685
1690
1692
1694
1698
1701
1704
1707
1709
1714
1717
1720
1724
1727
1729
1732
1732
1736
1737
1738
1739
1742
1745
1745
1746
1750
1751
1753
1754
1755
1757
1757
1757
1760
1761
1763
1763
1764
1767
1768
1769
1769
1769
1771
1771
1769
1769
1769
1769
1768
1768
1769
1768
1768
1768
1767
1765
1764
1764
1762
1760
1761
1761
1761
1761
1760
1761
1761
1761
1760
1757
1760
1760
1758
1760
1760
1760
1757
1756
1756
1754
1753
1750
1746
1744
1741
1738
1735
1731
1729
1729
1727
1725
1723
1725
1725
1726
1727
1727
1731
1733
1737
1741
1744
1749
1755
1760
1765
1769
1777
1783
1792
1800
1808
1821
1833
1848
1865
1884
1904
1925
1950
1976
2004
2032
2063
2094
2128
2161
2197
2231
2267
2301
2336
2369
2402
2434
2465
2495
2524
2551
2579
2604
2632
2656
2680
2703
2724
2746
2766
2785
2805
2822
2841
2857
2874
2891
2906
2921
2935
2948
2960
2970
2980
2988
2996
3003
3009
3013
3016
3019
3022
3022
3021
3019
3017
3013
3008
3003
2997
2990
2985
2977
2970
2963
2955
2947
2939
2929
2920
2909
2899
2890
2880
2871
2860
2850
2840
2830
2820
2809
2799
2786
2773
2761
2748
2734
2720
2704
2690
2673
2658
2642
2625
2607
2587
2569
2549
2529
2509
2489
2469
2450
2430
2411
2392
2373
2353
2335
2317
2297
2281
2264
2247
2231
2215
2201
2186
2175
2162
2149
2138
2125
2115
2105
2095
2085
2075
2068
2061
2055
2048
2041
2036
2032
2027
2023
2017
2016
2012
2009
2008
2007
2007
2005
2005
2005
2004
2004
2002
2000
2000
1999
1997
1995
1993
1993
1992
1991
1989
1986
1986
1984
1984
1981
1980
1979
1978
1979
1979
1977
1980
1980
1981
1982
1982
1982
1981
1983
1982
1981
1982
1980
1981
1981
1981
1979
1976
1977
1975
1973
1971
1968
1967
1964
1964
1963
1963
1961
1960
1960
1960
1960
1959
1958
1958
1957
1959
1959
1959
1960
1959
1960
1960
1960
1959
1956
1955
1952
1950
1948
1945
1941
1937
1936
1932
1928
1923
1919
1916
1911
1907
1904
1898
1896
1893
1891
1889
1885
1885
1884
1883
1881
1879
1879
1879
1878
1877
1875
1877
1876
1876
1876
1873
1872
1869
1864
1861
1855
1848
1842
1835
1828
1820
1810
1803
1794
1784
1776
1767
1758
1751
1741
1736
1731
1727
1724
1720
1720
1718
1716
1717
1717
1719
1719
1719
1723
1725
1730
1735
1740
1749
1757
1768
1780
1792
1808
1825
1844
1865
1888
1914
1941
1970
2000
2027
2060
2090
2121
2152
2181
2213
2241
2270
2300
2327
2354
2380
2405
2431
2453
2475
2497
2518
2539
2560
2577
2596
2615
2633
2649
2665
2682
2696
2711
2723
2736
2746
2755
2765
2773
2781
2787
2792
2797
2800
2803
2803
2802
2801
2799
2795
2790
2785
2780
2774
2768
2760
2752
2744
2736
2725
2716
2705
2695
2683
2673
2662
2651
2640
2629
2617
2605
2593
2581
2569
2555
2541
2528
2513
2499
2484
2469
2454
2440
2424
2407
2389
2371
2353
2336
2314
2295
2275
2255
2233
2213
2192
2171
2149
2128
2105
2084
2061
2041
2019
1999
1978
1959
1940
1923
1904
1888
1872
1856
1840
1822
1808
1794
1781
1768
1753
1744
1731
1721
1710
1701
1691
1681
1672
1663
1656
1648
1641
1634
1629
1624
1619
1614
1609
1605
1600
1597
1592
1588
1584
1579
1577
1573
1572
1568
1564
1563
1560
1557
1553
1549
1546
1544
1542
1539
1536
1536
1532
1531
1529
1528
1527
1523
1524
1521
1522
1521
1521
1521
1520
1523
1523
1522
1525
1525
1525
1525
1524
1525
1523
1524
1524
1523
1524
1521
1523
1524
1524
1524
1521
1523
1524
1524
1524
1523
1528
1528
1529
1532
1531
1536
1536
1536
1536
1537
1537
1536
1536
1536
1536
1533
1532
1531
1528
1528
1524
1521
1518
1513
1512
1509
1507
1505
1503
1501
1497
1498
1496
1495
1493
1489
1489
1488
1487
1485
1483
1484
1482
1483
1481
1481
1480
1477
1477
1473
1473
1472
1470
1468
1465
1465
1464
1461
1457
1453
1452
1447
1444
1440
1437
1434
1430
1429
1428
1427
1425
1424
1424
1424
1425
1424
1425
1427
1427
1430
1433
1437
1441
1444
1451
1456
1463
1470
1477
1488
1501
1515
1531
1549
1569
1592
1613
1641
1667
1697
1728
1758
1791
1824
1857
1890
1925
1960
1994
2029
2061
2094
2125
2155
2184
2211
2240
2265
2292
2317
2341
2363
2385
2407
2427
2448
2465
2485
2501
2519
2534
2550
2565
2580
2594
2608
2621
2633
2644
2653
2664
2672
2679
2685
2689
2693
2696
2699
2700
2701
2699
2697
2695
2689
2685
2679
2672
2664
2656
2648
2640
2632
2622
2613
2603
2592
2583
2572
2561
2549
2539
2528
2517
2506
2496
2484
2473
2461
2448
2435
2422
2408
2392
2376
2361
2344
2327
2311
2292
2274
2256
2235
2216
2196
2175
2154
2133
2113
2092
2070
2052
2032
2013
1995
1976
1957
1940
1921
1905
1889
1873
1858
1844
1830
1816
1802
1792
1780
1769
1760
1748
1738
1728
1717
1712
1702
1696
1689
1683
1680
1673
1669
1664
1658
1656
1651
1648
1643
1640
1639
1635
1632
1632
1629
1627
1625
1624
1622
1620
1616
