Sampling rate=500
1843
1839
1838
1833
1829
1827
1822
1817
1813
1809
1805
1803
1799
1797
1795
1793
1792
1789
1788
1785
1784
1783
1780
1779
1777
1776
1776
1773
1773
1772
1769
1768
1765
1763
1760
1755
1752
1746
1744
1737
1733
1728
1721
1717
1710
1705
1699
1693
1688
1683
1680
1675
1671
1672
1671
1671
1672
1673
1675
1677
1680
1683
1687
1692
1696
1705
1712
1721
1731
1744
1757
1776
1791
1812
1833
1858
1886
1916
1947
1980
2017
2056
2096
2136
2177
2219
2260
2301
2342
2384
2422
2461
2498
2535
2569
2604
2636
2667
2696
2723
2749
2774
2797
2821
2842
2864
2883
2902
2920
2936
2952
2966
2979
2992
3002
3012
3020
3028
3035
3041
3046
3049
3051
3053
3054
3053
3051
3049
3045
3040
3035
3031
3025
3019
3012
3006
2998
2989
2981
2972
2963
2953
2943
2935
2925
2916
2906
2897
2888
2877
2867
2857
2847
2835
2824
2811
2799
2786
2773
2758
2744
2729
2713
2697
2679
2660
2641
2620
2600
2578
2557
2536
2513
2489
2468
2445
2420
2397
2373
2350
2324
2299
2276
2253
2229
2205
2181
2160
2137
2115
2093
2070
2050
2029
2007
1987
1968
1950
1931
1913
1898
1881
1867
1852
1837
1826
1813
1801
1790
1779
1770
1761
1753
1745
1739
1733
1727
1721
1716
1709
1704
1699
1696
1690
1686
1681
1676
1674
1671
1668
1664
1660
1657
1653
1649
1646
1643
1639
1637
1635
1633
1632
1629
1627
1626
1624
1621
1621
1619
1616
1616
1613
1613
1612
1612
1609
1608
1606
1603
1601
1597
1596
1593
1591
1586
1586
1584
1581
1580
1577
1576
1572
1570
1568
1564
1561
1558
1555
1553
1552
1549
1546
1545
1543
1539
1539
1537
1533
1532
1529
1527
1525
1523
1520
1520
1517
1513
1512
1508
1504
1500
1494
1491
1488
1481
1480
1475
1472
1468
1464
1461
1457
1454
1451
1447
1445
1441
1440
1437
1433
1434
1432
1431
1429
1425
1425
1424
1419
1418
1416
1413
1411
1408
1405
1403
1396
1396
1390
1384
1380
1376
1369
1366
1361
1355
1352
1349
1347
1344
1340
1340
1338
1334
1335
1335
1336
1336
1334
1340
1341
1345
1352
1357
1365
1376
1386
1398
1413
1431
1451
1473
1499
1528
1559
1593
1628
1665
1707
1747
1788
1832
1875
1919
1963
2007
2050
2092
2134
2175
2213
2251
2288
2323
2355
2387
2417
2448
2475
2503
2529
2554
2578
2602
2625
2647
2667
2687
2705
2724
2741
2757
2775
2789
2805
2818
2831
2842
2852
2860
2868
2873
2877
2882
2885
2887
2887
2886
2885
2883
2879
2876
2871
2864
2857
2850
2841
2833
2825
2816
2808
2799
2789
2780
2770
2760
2749
2737
2726
2715
2702
2692
2680
2668
2656
2643
2629
2617
2601
2585
2569
2553
2535
2517
2498
2478
2459
2439
2417
2394
2372
2348
2325
2300
2276
2251
2226
2203
2179
2155
2133
2110
2087
2066
2045
2023
2004
1984
1963
1945
1928
1910
1893
1875
1861
1847
1832
1818
1805
1791
1778
1767
1755
1745
1735
1724
1717
1708
1699
1695
1688
1681
1675
1668
1665
1660
1653
1651
1648
1644
1642
1637
1636
1633
1629
1628
1625
1623
1620
1617
1616
1611
1610
1609
1608
1608
1608
1606
1606
1605
1602
1605
1604
1604
1604
1603
1606
1607
1608
1609
1609
1609
1609
1609
1609
1608
1605
1606
1605
1603
1603
1601
1603
1601
1599
1598
1597
1596
1593
1591
1592
1591
1589
1592
1592
1592
1593
1593
1593
1593
1592
1592
1591
1590
1589
1588
1585
1585
1584
1581
1580
1576
1573
1569
1565
1563
1559
1553
1552
1549
1545
1545
1541
1537
1536
1532
1529
1528
1525
1523
1520
1517
1517
1515
1513
1513
1511
1511
1508
1505
1504
1504
1500
1500
1498
1495
1495
1493
1489
1488
1485
1481
1476
1471
1467
1462
1457
1452
1448
1443
1438
1435
1433
1429
1427
1424
1424
1423
1421
1421
1424
1425
1426
1430
1434
1438
1444
1449
1456
1464
1472
1483
1497
1511
1529
1548
1569
1596
1623
1652
1684
1718
1754
1792
1832
1872
1914
1957
2000
2043
2088
2129
2172
2213
2253
2292
2329
2365
2400
2431
2465
2495
2523
2553
2580
2606
2632
2656
2677
2700
2720
2741
2761
2779
2799
2816
2832
2849
2865
2879
2893
2905
2915
2925
2932
2940
2945
2950
2955
2957
2957
2960
2959
2956
2954
2950
2944
2939
2932
2925
2917
2910
2902
2893
2885
2876
2867
2858
2848
2837
2826
2817
2806
2796
2784
2775
2764
2754
2742
2731
2718
2705
2691
2677
2660
2644
2627
2610
2590
2572
2552
2532
2511
2490
2467
2444
2421
2396
2373
2349
2324
2302
2279
2256
2233
2211
2189
2168
2147
2125
2104
2085
2065
2045
2027
2009
1993
1975
1958
1944
1929
1913
1901
1888
1874
1862
1852
1840
1832
1824
1815
1808
1800
1795
1790
1785
1781
1776
1774
1771
1768
1768
1768
1768
1768
1768
1769
1768
1767
1769
1768
1769
1768
1768
1768
1768
1769
1768
1767
1768
1766
1767
1765
1763
1765
1764
1763
1764
1765
1764
1765
1768
1769
1771
1772
1773
1774
1774
1777
1777
1777
1781
1780
1783
1784
1785
1785
1784
1785
1784
1781
1783
1781
1780
1780
1780
1781
1780
1781
1781
1781
1782
1783
1781
1784
1784
1784
1787
1788
1790
1791
1792
1793
1794
1792
1795
1794
1793
1793
1792
1789
1791
1789
1789
1788
1787
1786
1785
1784
1783
1781
1780
1777
1777
1776
1776
1776
1776
1775
1774
1771
1771
1769
1767
1764
1763
1761
1759
1758
1754
1753
1752
1749
1748
1745
1743
1739
1734
1732
1728
1724
1721
1718
1715
1713
1709
1706
1706
1704
1702
1701
1701
1701
1701
1704
1706
1709
1713
1717
1723
1726
1736
1742
1752
1763
1773
1787
1804
1820
1840
1864
1888
1912
1943
1972
2005
2039
2074
2112
2151
2192
2231
2272
2313
2354
2395
2435
2474
2513
2550
2585
2619
2654
2687
2717
2748
2778
2805
2833
2859
2884
2908
2929
2952
2973
2992
3013
3031
3050
3068
3084
3100
3115
3129
3142
3154
3165
3174
3184
3192
3198
3205
3209
3213
3216
3216
3217
3216
3212
3210
3205
3199
3193
3187
3180
3173
3166
3158
3151
3143
3135
3127
3118
3110
3102
3093
3086
3078
3069
3062
3053
3044
3036
3026
3015
3004
2992
2979
2966
2951
2937
2922
2906
2890
2873
2855
2836
2817
2796
2775
2755
2734
2713
2692
2672
2651
2631
2611
2592
2572
2552
2532
2513
2493
2476
2457
2439
2423
2405
2389
2373
2359
2345
2329
2315
2301
2288
2275
2263
2250
2241
2231
2221
2213
2203
2197
2189
2181
2174
2168
2161
2156
2151
2145
2141
2136
2133
2129
2125
2121
2117
2113
2109
2104
2101
2097
2092
2090
2086
2084
2080
2076
2074
2071
2065
2064
2060
2056
2055
2051
2047
2046
2044
2043
2041
2038
2037
2035
2032
2031
2028
2024
2024
2021
2017
2016
2014
2011
2008
2005
2001
1997
1993
1987
1984
1978
1976
1971
1969
1964
1963
1960
1957
1955
1953
1952
1952
1949
1949
1948
1947
1948
1949
1949
1949
1946
1947
1944
1939
1936
1932
1926
1920
1913
1907
1898
1889
1882
1873
1863
1853
1845
1833
1826
1817
1808
1800
1792
1786
1780
1773
1769
1764
1760
1755
1749
1745
1741
1736
1735
1731
1728
1726
1723
1719
1716
1713
1707
1704
1700
1696
1689
1683
1678
1673
1665
1661
1656
1650
1645
1637
1633
1628
1621
1619
1616
1610
1611
1608
1607
1607
1608
1609
1611
1613
1616
1620
1625
1632
1637
1648
1657
1669
1685
1701
1719
1741
1764
1787
1815
1844
1875
1909
1944
1980
2018
2056
2096
2136
2173
2212
2250
2286
2324
2359
2393
2426
2457
2489
2519
2546
2575
2600
2625
2649
2671
2692
2713
2733
2752
2772
2790
2807
2824
2841
2855
2871
2884
2897
2909
2919
2930
2939
2947
2956
2963
2968
2973
2976
2979
2981
2981
2980
2978
2976
2972
2968
2964
2960
2954
2946
2940
2933
2924
2915
2905
2896
2886
2875
2865
2854
2844
2833
2821
2810
2799
2786
2773
2760
2746
2732
2717
2703
2687
2672
2656
2637
2620
2603
2583
2563
2542
2520
2498
2475
2452
2429
2407
2382
2359
2336
2312
2289
2265
2242
2219
2197
2174
2151
2131
2111
2089
2071
2052
2032
2016
1997
1979
1961
1944
1929
1913
1897
1883
1869
1856
1845
1833
1822
1813
1801
1792
1785
1776
1769
1761
1756
1750
1745
1741
1735
1733
1728
1725
1720
1717
1713
1709
1704
1703
1700
1697
1693
1691
1689
1684
1682
1680
1677
1673
1669
1669
1666
1662
1663
1661
1658
1659
1657
1656
1656
1653
1652
1651
1648
1648
1647
1645
1645
1644
1643
1642
1639
1638
1637
1633
1632
1630
1627
1627
1624
1621
1621
1620
1617
1617
1614
1614
1613
1609
1611
1609
1608
1609
1608
1611
1610
1609
1611
1609
1607
1608
1607
1603
1603
1601
1600
1598
1596
1594
1591
1588
1586
1584
1577
1576
1572
1568
1565
1561
1558
1557
1554
1552
1549
1547
1544
1541
1537
1536
1532
1529
1528
1527
1525
1523
1522
1521
1520
1517
1516
1513
1511
1509
1505
1504
1500
1497
1495
1491
1485
1484
1480
1473
1471
1466
1461
1459
1454
1453
1452
1451
1449
1449
1450
1449
1451
1451
1453
1456
1457
1461
1467
1472
1480
1488
1497
1508
1521
1536
1552
1572
1593
1617
1643
1672
1703
1737
1773
1809
1848
1888
1926
1968
2008
2051
2091
2128
2169
2208
2244
2280
2315
2348
2380
2411
2441
2468
2496
2521
2545
2570
2593
2616
2638
2659
2679
2697
2717
2735
2750
2766
2780
2795
2808
2821
2832
2843
2854
2863
2870
2877
2883
2887
2890
2892
2893
2893
2892
2891
2888
2885
2880
2875
2870
2864
2854
2848
2839
2828
2820
2810
2801
2791
2780
2772
2761
2751
2741
2729
2720
2707
2695
2683
2670
2658
2646
2632
2619
2605
2590
2575
2559
2541
2523
2503
2485
2465
2445
2424
2402
2382
2360
2338
2315
2292
2270
2247
2222
2200
2177
2155
2135
2113
2094
2075
2056
2037
2020
2001
1985
1969
1954
1939
1924
1911
1897
1884
1872
1860
1850
1840
1826
1818
1808
1797
1791
1783
1775
1769
1761
1756
1752
1747
1744
1739
1735
1731
1728
1724
1719
1717
1713
1712
1709
1707
1704
1702
1699
1697
1693
1690
1688
1685
1682
1681
1680
1679
1677
1675
1677
1676
1676
1676
1673
1675
1675
1675
1676
1675
1680
1680
1681
1683
1682
1683
1683
1681
1682
1681
1680
1680
1676
1677
1676
1675
1674
1672
1672
1671
1669
1667
1667
1666
1667
1665
1667
1667
1667
1667
1668
1668
1669
1667
1668
1666
1666
1665
1665
1663
1661
1661
1659
1656
1655
1652
1648
1646
1643
1640
1637
1635
1633
1632
1627
1627
1625
1624
1622
1619
1617
1613
1612
1611
1607
1605
1603
1601
1598
1597
1595
1590
1589
1586
1584
1581
1576
1575
1572
1567
1568
1561
1560
1556
1553
1548
1543
1540
1536
1531
1528
1523
1520
1520
1518
1516
1513
1516
1516
1517
1517
1517
1521
1523
1528
1531
1537
1542
1547
1556
1564
1575
1585
1599
1613
1627
1648
1669
1692
1717
1745
1777
1809
1844
1879
1917
1955
1992
2033
2072
2112
2152
2190
2229
2267
2303
2339
2373
2406
2437
2465
2494
2521
2547
2572
2596
2620
2642
2663
2685
2705
2725
2744
2762
2780
2798
2815
2832
2846
2864
2877
2893
2907
2919
2931
2941
2950
2958
2964
2970
2973
2977
2980
2980
2980
2979
2976
2973
2968
2962
2956
2949
2940
2932
2924
2915
2906
2897
2888
2880
2869
2861
2852
2841
2832
2823
2813
2804
2793
2785
2774
2765
2755
2743
2731
2717
2704
2690
2675
2659
2641
2625
2608
2589
2571
2551
2532
2512
2491
2470
2448
2427
2405
2384
2363
2341
2322
2301
2283
2264
2244
2227
2209
2192
2175
2158
2144
2129
2116
2104
2091
2080
2070
2060
2051
2040
2033
2024
2017
2009
2004
1997
1991
1987
1982
1978
1974
1970
1968
1963
1960
1958
1954
1953
1952
1950
1948
1945
1947
1945
1944
1943
1940
1940
1938
1937
1936
1932
1934
1932
1932
1931
1929
1930
1929
1928
1928
1927
1926
1925
1925
1926
1928
1929
1930
1931
1932
1934
1936
1936
1936
1936
1939
1937
1939
1939
1940
1940
1940
1940
1939
1937
1937
1936
1933
1933
1932
1930
1930
1930
1929
1930
1931
1931
1933
1934
1933
1935
1934
1936
1937
1937
1938
1939
1939
1939
1937
1938
1936
1933
1932
1929
1928
1924
1922
1920
1916
1915
1913
1911
1908
1907
1904
1903
1901
1898
1895
1895
1893
1891
1889
1889
1888
1888
1884
1884
1882
1880
1877
1875
1873
1871
1868
1865
1864
1860
1856
1852
1848
1842
1840
1834
1830
1825
1822
1819
1816
1814
1811
1813
1812
1812
1812
1814
1816
1817
1820
1824
1827
1833
1840
1847
1853
1860
1869
1880
1889
1902
1916
1929
1948
1968
1988
2012
2037
2064
2093
2123
2154
2185
2220
2253
2288
2324
2359
2395
2430
2464
2500
2533
2565
2598
2629
2658
2688
2715
2743
2768
2794
2818
2841
2864
2885
2906
2925
2944
2961
2978
2993
3009
3024
3037
3050
3062
3072
3083
3092
3100
3106
3112
3115
3120
3122
3123
3124
3122
3121
3119
3115
3111
3105
3099
3092
3084
3076
3067
3058
3049
3040
3031
3023
3013
3005
2996
2986
2977
2967
2957
2948
2939
2928
2918
2909
2898
2887
2876
2864
2850
2836
2821
2806
2789
2772
2754
2736
2716
2697
2677
2657
2637
2616
2594
2573
2551
2531
2510
2489
2469
2449
2429
2413
2394
2376
2360
2341
2324
2307
2291
2273
2257
2239
2225
2209
2193
2175
2161
2145
2130
2115
2100
2085
2072
2056
2044
2032
2019
2009
1998
1987
1979
1968
1958
1952
1942
1932
1927
1919
1912
1906
1901
1896
1890
1884
1880
1875
1868
1864
1859
1854
1851
1846
1841
1840
1836
1832
1830
1827
1825
1821
1819
1816
1812
1809
1808
1806
1805
1803
1801
1798
1796
1792
1790
1788
1783
1781
1777
1773
1771
1768
1763
1761
1760
1753
1753
1749
1745
1741
1737
1732
1729
1725
1721
1719
1715
1712
1708
1706
1703
1699
1697
1691
1691
1687
1687
1685
1684
1682
1681
1680
1677
1673
1673
1669
1664
1662
1658
1653
1650
1646
1641
1636
1632
1627
1622
1617
1613
1607
1601
1597
1593
1589
1586
1584
1580
1577
1575
1572
1569
1566
1564
1562
1558
1554
1553
1552
1548
1547
1545
1540
1539
1536
1530
1529
1525
1520
1515
1511
1507
1502
1499
1495
1490
1485
1483
1479
1476
1473
1471
1469
1468
1467
1468
1471
1472
1473
1477
1481
1485
1489
1495
1500
1509
1518
1529
1542
1557
1575
1593
1613
1639
1663
1690
1721
1752
1783
1818
1855
1889
1928
1965
2001
2041
2077
2113
2148
2182
2213
2246
2277
2304
2332
2360
2385
2410
2433
2455
2477
2497
2515
2535
2553
2569
2587
2603
2618
2633
2648
2661
2675
2688
2697
2709
2718
2727
2735
2741
2748
2753
2757
2762
2764
2765
2767
2766
2765
2762
2759
2756
2750
2746
2740
