Sampling rate=500
1837
1849
1861
1872
1885
1900
1912
1927
1940
1953
1965
1977
1990
2002
2012
2021
2032
2038
2045
2051
2057
2061
2064
2066
2068
2067
2066
2065
2062
2059
2053
2051
2046
2041
2036
2032
2026
2020
2015
2009
2004
1999
1994
1991
1984
1983
1979
1976
1972
1969
1968
1966
1962
1962
1961
1959
1959
1958
1958
1957
1957
1959
1960
1960
1961
1964
1965
1968
1968
1971
1973
1975
1978
1980
1981
1985
1987
1989
1989
1991
1991
1991
1989
1988
1987
1984
1981
1977
1972
1968
1963
1957
1952
1943
1937
1931
1924
1917
1912
1904
1897
1892
1888
1881
1877
1873
1871
1867
1866
1865
1865
1865
1867
1871
1873
1878
1883
1889
1896
1903
1911
1919
1927
1936
1946
1954
1964
1973
1981
1992
2001
2008
2018
2026
2033
2041
2047
2055
2060
2065
2071
2075
2077
2081
2083
2084
2085
2083
2085
2084
2081
2080
2077
2074
2071
2067
2065
2061
2057
2053
2049
2045
2041
2036
2033
2030
2025
2023
2019
2016
2013
2009
2007
2004
2000
1997
1995
1992
1989
1987
1984
1981
1977
1975
1973
1968
1966
1963
1960
1957
1953
1952
1948
1944
1943
1941
1938
1936
1933
1932
1930
1928
1927
1927
1925
1925
1925
1925
1926
1926
1927
1928
1927
1930
1931
1930
1933
1936
1936
1937
1939
1940
1942
1942
1945
1947
1948
1952
1954
1957
1960
1963
1967
1970
1973
1979
1984
1987
1992
1996
1999
2005
2009
2012
2016
2020
2023
2027
2029
2032
2035
2036
2039
2041
2041
2044
2045
2044
2047
2049
2048
2049
2051
2050
2053
2053
2055
2055
2057
2057
2060
2061
2064
2065
2069
2071
2073
2077
2079
2083
2086
2091
2093
2098
2103
2107
2113
2117
2121
2128
2133
2137
2144
2149
2153
2160
2165
2169
2175
2181
2184
2190
2195
2200
2204
2208
2211
2215
2219
2222
2224
2227
2230
2232
2234
2235
2237
2237
2239
2240
2238
2240
2240
2237
2239
2237
2236
2236
2233
2233
2233
2229
2230
2229
2229
2227
2226
2225
2224
2222
2221
2221
2219
2218
2217
2216
2216
2215
2216
2217
2218
2221
2225
2228
2233
2238
2243
2251
2256
2264
2272
2279
2287
2295
2301
2309
2315
2323
2331
2336
2342
2348
2353
2357
2362
2366
2370
2374
2377
2381
2384
2386
2388
2389
2391
2392
2391
2391
2391
2387
2385
2381
2377
2372
2366
2360
2352
2344
2336
2325
2316
2306
2297
2286
2278
2269
2260
2252
2244
2236
2231
2224
2219
2216
2212
2211
2211
2209
2212
2215
2218
2224
2229
2236
2245
2253
2264
2275
2288
2301
2316
2330
2347
2362
2380
2398
2416
2435
2453
2473
2491
2510
2529
2547
2563
2581
2597
2610
2624
2636
2646
2655
2661
2667
2672
2672
2675
2675
2672
2669
2665
2660
2653
2645
2637
2627
2617
2606
2595
2584
2572
2560
2548
2536
2524
2513
2500
2491
2481
2473
2464
2457
2451
2448
2443
2441
2440
2441
2442
2443
2448
2452
2456
2462
2469
2475
2483
2490
2497
2506
2515
2521
2529
2537
2543
2549
2555
2560
2564
2566
2568
2569
2568
2567
2565
2561
2554
2547
2539
2529
2517
2507
2496
2481
2468
2453
2438
2423
2408
2392
2377
2363
2349
2336
2323
2311
2300
2291
2283
2277
2272
2269
2266
2267
2269
2272
2276
2282
2289
2298
2309
2320
2331
2343
2357
2371
2384
2400
2416
2431
2445
2461
2477
2492
2505
2521
2535
2548
2561
2572
2582
2592
2601
2608
2615
2620
2625
2629
2632
2635
2636
2637
2637
2638
2637
2636
2634
2632
2630
2627
2625
2622
2618
2615
2611
2607
2603
2598
2592
2588
2583
2576
2572
2566
2560
2552
2547
2541
2533
2526
2519
2512
2505
2497
2490
2483
2476
2467
2461
2453
2446
2439
2432
2424
2417
2411
2403
2397
2392
2385
2379
2373
2368
2363
2357
2352
2346
2341
2336
2330
2325
2320
2314
2309
2302
2296
2291
2283
2277
2269
2263
2256
2249
2241
2235
2228
2223
2217
2211
2208
2203
2197
2195
2192
2189
2188
2187
2185
2185
2185
2183
2183
2183
2180
2181
2178
2175
2173
2169
2164
2158
2152
2145
2136
2128
2117
2108
2097
2085
2074
2060
2049
2038
2025
2016
2005
1993
1985
1978
1969
1964
1960
1955
1952
1951
1949
1949
1951
1953
1956
1959
1964
1969
1973
1978
1984
1989
1993
2000
2002
2008
2012
2016
2020
2023
2024
2027
2029
2028
2029
2028
2027
2025
2024
2020
2016
2011
2007
2001
1993
1989
1982
1973
1967
1959
1949
1941
1931
1923
1914
1904
1896
1888
1877
1868
1859
1849
1840
1831
1824
1815
1805
1799
1792
1784
1776
1769
1763
1757
1750
1747
1742
1736
1734
1732
1729
1728
1728
1728
1728
1728
1729
1732
1733
1737
1740
1741
1747
1750
1753
1757
1761
1764
1769
1773
1778
1781
1787
1793
1797
1803
1809
1814
1820
1825
1831
1836
1841
1845
1849
1853
1855
1857
1859
1861
1860
1859
1857
1855
1852
1848
1842
1836
1829
1822
1816
1808
1800
1792
1784
1777
1770
1763
1757
1752
1746
1741
1739
1737
1735
1735
1737
1739
1742
1746
1751
1757
1764
1771
1780
1789
1798
1808
1819
1829
1840
1852
1864
1875
1888
1898
1909
1921
1931
1942
1952
1961
1970
1979
1985
1993
1999
2004
2008
2011
2013
2016
2015
2014
2013
2011
2008
2004
2000
1995
1989
1983
1978
1972
1964
1959
1953
1945
1941
1936
1929
1926
1922
1917
1916
1912
1909
1908
1907
1904
1904
1904
1902
1904
1904
1904
1905
1905
1905
1909
1910
1912
1914
1916
1919
1921
1925
1928
1932
1936
1940
1945
1948
1953
1957
1961
1966
1970
1972
1976
1980
1981
1985
1986
1985
1985
1984
1982
1980
1974
1972
1968
1961
1953
1947
1938
1930
1921
1912
1900
1891
1880
1870
1857
1849
1839
1829
1817
1809
1801
1793
1784
1779
1774
1769
1765
1763
1762
1763
1763
1765
1769
1771
1779
1785
1792
1799
1805
1814
1823
1831
1840
1850
1859
1869
1879
1888
1897
1906
1913
1921
1927
1935
1940
1945
1952
1957
1960
1963
1965
1969
1970
1971
1972
1972
1971
1972
1971
1969
1968
1968
1964
1964
1963
1961
1960
1957
1955
1953
1952
1949
1947
1945
1943
1940
1937
1934
1931
1927
1924
1920
1916
1912
1907
1904
1897
1893
1889
1883
1880
1875
1871
1865
1860
1857
1852
1848
1844
1841
1836
1834
1832
1829
1825
1824
1822
1820
1818
1817
1816
1815
1816
1816
1816
1817
1819
1820
1821
1824
1825
1828
1830
1832
1835
1838
1840
1844
1848
1849
1854
1857
1859
1864
1867
1869
1873
1877
1879
1885
1889
1892
1898
1904
1907
1912
1917
1920
1925
1929
1931
1934
1937
1939
1939
1940
1941
1941
1940
1939
1936
1934
1931
1928
1925
1921
1919
1914
1909
1907
1904
1897
1895
1892
1888
1885
1883
1880
1878
1876
1875
1873
1873
1872
1872
1872
1872
1873
1873
1874
1875
1876
1877
1879
1881
1883
1886
1886
1889
1892
1895
1897
1900
1904
1906
1908
1912
1916
1919
1923
1925
1929
1930
1934
1938
1939
1941
1942
1944
1945
1945
1945
1945
1944
1945
1943
1940
1940
1938
1933
1933
1930
1925
1924
1921
1917
1915
1912
1907
1904
1901
1896
1893
1891
1886
1884
1880
1877
1876
1872
1872
1869
1867
1868
1867
1866
1867
1868
1868
1870
1872
1873
1877
1881
1884
1886
1889
1896
1899
1904
1909
1914
1918
1924
1929
1933
1939
1945
1948
1953
1957
1962
1966
1969
1973
1977
1980
1983
1986
1989
1991
1993
1995
1996
1996
1997
1995
1995
1994
1990
1989
1986
1980
1977
1972
1964
1958
1952
1943
1936
1929
1919
1913
1906
1897
1891
1885
1877
1873
1869
1863
1861
1859
1857
1857
1858
1859
1862
1866
1869
1876
1882
1888
1897
1905
1913
1924
1934
1945
1956
1968
1980
1991
2001
2013
2025
2035
2046
2056
2065
2075
2083
2091
2097
2104
2109
2114
2117
2120
2121
2121
2121
2121
2118
2117
2113
2109
2105
2101
2097
2091
2088
2082
2078
2072
2068
2064
2059
2055
2051
2048
2044
2041
2039
2036
2033
2032
2031
2028
2028
2027
2025
2025
2025
2025
2025
2024
2025
2027
2025
2027
2029
2029
2032
2033
2033
2037
2039
2041
2041
2044
2046
2048
2049
2050
2051
2052
2053
2053
2055
2056
2057
2056
2057
2056
2055
2054
2053
2049
2047
2043
2037
2035
2031
2024
2019
2013
2007
2001
1996
1990
1985
1980
1975
1972
1968
1965
1964
1963
1964
1964
1965
1968
1972
1976
1982
1988
1993
2002
2010
2017
2025
2035
2043
2052
2059
2068
2075
2082
2090
2097
2101
2108
2113
2117
2121
2125
2127
2129
2132
2132
2133
2133
2132
2132
2131
2129
2128
2126
2123
2120
2117
2114
2111
2107
2104
2101
2096
2093
2090
2084
2082
2078
2075
2071
2067
2064
2059
2056
2051
2048
2043
2040
2037
2032
2029
2025
2021
2017
2013
2008
2005
2001
1997
1995
1991
1986
1984
1981
1977
1974
1971
1968
1966
1963
1961
1959
1957
1957
1956
1956
1957
1959
1959
1961
1965
1968
1972
1976
1979
1985
1990
1996
2002
2007
2015
2020
2026
2034
2041
2047
2053
2058
2065
2072
2078
2084
2090
2096
2101
2105
2113
2118
2123
2129
2135
2139
2145
2149
2155
2161
2165
2169
2173
2178
2182
2185
2188
2192
2195
2197
2199
2202
2204
2205
2208
2209
2210
2211
2213
2213
2213
2213
2213
2215
2215
2216
2217
2216
2217
2216
2217
2217
2216
2216
2217
2216
2217
2218
2219
2220
2221
2224
2225
2228
2231
2235
2236
2241
2245
2248
2252
2256
2260
2264
2268
2272
2276
2280
2283
2288
2290
2293
2296
2298
2302
2305
2308
2312
2314
2317
2321
2324
2328
2331
2333
2337
2339
2341
2343
2342
2344
2344
2342
2340
2337
2334
2331
2326
2323
2319
2313
2309
2306
2301
2297
2294
2291
2289
2285
2285
2284
2284
2283
2284
2286
2289
2290
2295
2299
2304
2309
2313
2320
2327
2333
2340
2345
2352
2359
2365
2369
2374
2380
2385
2389
2393
2395
2400
2403
2405
2408
2409
2412
2414
2416
2416
2416
2416
2416
2415
2413
2411
2408
2405
2400
2396
2390
2384
2377
2369
2361
2353
2344
2336
2328
2320
2311
2303
2296
2289
2283
2277
2271
2267
2264
2260
2259
2259
2259
2260
2261
2265
2272
2276
2283
2291
2301
2312
2322
2336
2350
2365
2382
2397
2417
2435
2453
2472
2489
2509
2528
2545
2562
2577
2594
2608
2621
2632
2641
2650
2657
2661
2665
2666
2665
2664
2660
2656
2649
2641
2633
2624
2612
2602
2592
2579
2567
2554
2544
2532
2520
2509
2500
2491
2484
2477
2472
2468
2465
2464
2461
2464
2465
2468
2472
2477
2482
2489
2495
2503
2509
2517
2524
2531
2538
2544
2550
2557
2562
2567
2571
2575
2578
2580
2581
2581
2580
2579
2577
2573
2568
2562
2557
2550
2541
2533
2523
2513
2502
2490
2480
2467
2454
2442
2430
2417
2405
2394
2381
2372
2361
2352
2341
2333
2326
2320
2312
2309
2305
2303
2301
2301
2303
2303
2307
2311
2315
2321
2329
2336
2345
2353
2365
2377
2389
2401
2416
2430
2445
2459
2475
2491
2505
2521
2535
2547
2561
2573
2584
2593
2602
2610
2616
2621
2625
2629
2631
2632
2634
2635
2634
2633
2632
2631
2630
2627
2627
2626
2624
2622
2621
2619
2617
2615
2614
2612
2608
2605
2602
2598
2593
2587
2583
2576
2569
2563
2555
2546
2539
2531
2522
2513
2504
2493
2484
2473
2464
2452
2441
2430
2419
2407
2395
2383
2370
2357
2344
2331
2318
2304
2292
2279
2265
2253
2240
2229
2219
2208
2197
2187
2177
2169
2160
2152
2145
2137
2131
2123
2118
2112
2105
2099
2093
2086
2081
2073
2069
2064
2056
2050
2045
2038
2033
2027
2023
2017
2011
2008
2005
2000
1998
1996
1993
1993
1993
1993
1994
1993
1997
2000
2002
2007
2011
2016
2019
2024
2029
2034
2039
2041
2046
2049
2053
2055
2058
2059
2060
2059
2061
2059
2057
2055
2053
2050
2047
2042
2038
2033
2027
2023
2017
2012
2007
2000
1995
1989
1981
1977
1972
1965
1960
1953
1948
1942
1935
1931
1924
1917
1913
1908
1901
1897
1892
1888
1881
1876
1872
1866
1861
1857
1853
1847
1844
1840
1833
1832
1828
1821
1820
1817
1813
1810
1808
1807
1804
1803
1802
1801
1799
1800
1799
1797
1797
1797
1796
1796
1795
1794
1793
1793
1793
1793
1793
1795
1798
1799
1803
1808
1810
1816
1821
1827
1833
1839
1846
1853
1861
1868
1875
1881
1889
1897
1901
1911
1917
1923
1929
1936
1939
1946
1949
1952
1957
1960
1960
1963
1964
1964
1963
1961
1959
1956
1952
1947
1942
1935
1929
1922
1913
1905
1897
1888
1877
1867
1856
1845
1834
1822
1813
1804
1793
1786
1778
1772
1764
1760
1757
1752
1752
1751
1749
1752
1756
1758
1764
1769
1776
1784
1792
1800
1810
1821
1831
1842
1853
1865
1878
1889
1904
1916
1927
1940
1953
1963
1976
1987
1995
2005
2016
2021
2029
2035
2038
2042
2045
2045
2047
2045
2042
2039
2035
2029
2024
2016
2009
2001
1993
1985
1977
1968
1960
1953
1943
1937
1931
1924
1920
1917
1911
1910
1909
1906
1907
1908
1909
1910
1912
1915
1919
1921
1927
1932
1936
1942
1948
1952
1959
1965
1969
1976
1982
1987
1993
1999
2004
2009
2016
2019
2024
2029
2032
2036
2039
2041
2042
2043
2045
2045
2044
2043
2041
2037
2033
2029
2022
2016
2007
2000
1992
1981
1972
1961
1951
1939
1927
1915
1904
1889
1880
1868
1855
1844
1835
1824
1815
1806
1797
1791
1785
1780
1776
1771
1771
1770
1769
1771
1773
1776
1781
1785
1792
1797
1803
1812
1821
1829
1838
1848
1857
1867
1876
1886
1896
1904
1914
1923
1931
1938
1945
1950
1956
1960
1965
1970
1972
1976
1977
1979
1980
1980
1980
1981
1978
1979
1978
1976
1975
1972
1971
1969
1965
1964
1963
1960
1957
1954
1951
1948
1943
1941
1937
1933
1930
1927
1922
1918
1914
1909
1905
1901
1897
1893
1889
1885
1881
1878
1874
1871
1868
1864
1861
1859
1857
1855
1853
1851
1850
1849
1849
1849
1849
1850
1850
1851
1851
1853
1856
1856
1859
1861
1861
1865
1867
1869
1872
1873
1875
1876
1876
1877
1879
1877
1878
1877
1875
1877
1875
1875
1873
1872
1872
1872
1872
1869
1872
1872
1875
1876
1879
1879
1883
1887
1889
1891
1896
1898
1901
1903
1905
1907
1908
1909
1909
1910
1909
1910
1909
1907
1907
1906
1904
1902
1902
1900
1899
1897
1896
1896
1893
1893
1893
1890
1892
1891
1889
1890
1891
1889
1891
1893
1893
1895
1896
1897
1897
1899
1901
1904
1905
1907
1909
1912
1915
1915
1919
1920
1921
1925
1928
1928
1931
1933
1936
1937
1938
1940
1941
1942
1944
1944
1944
1946
1947
1947
1948
1947
1949
1949
1948
1949
1949
1947
1947
1946
1944
1942
1941
1938
1936
1933
1929
1927
1922
1919
1915
1909
1907
1904
1898
1893
1889
1884
1881
1877
1873
1870
1867
1865
1862
1859
1858
1857
1856
1857
1857
