Sampling rate=500
1780
1783
1787
1790
1793
1798
1800
1806
1810
1815
1816
1821
1824
1829
1830
1835
1837
1841
1844
1847
1850
1852
1855
1857
1859
1861
1861
1862
1863
1863
1863
1861
1861
1860
1857
1856
1853
1850
1848
1844
1841
1837
1835
1832
1829
1826
1824
1821
1819
1817
1815
1813
1812
1810
1808
1808
1808
1806
1804
1806
1805
1806
1805
1807
1808
1808
1809
1809
1810
1812
1813
1815
1817
1818
1821
1824
1826
1829
1832
1835
1840
1843
1848
1853
1857
1862
1865
1872
1876
1880
1885
1888
1891
1894
1895
1897
1899
1899
1899
1899
1898
1897
1893
1893
1890
1888
1885
1882
1879
1875
1872
1868
1864
1861
1857
1852
1848
1842
1840
1834
1831
1824
1822
1816
1814
1809
1808
1805
1801
1800
1797
1795
1793
1793
1793
1793
1793
1795
1797
1800
1802
1805
1809
1813
1817
1821
1826
1830
1835
1840
1844
1848
1853
1857
1860
1864
1867
1872
1873
1876
1877
1881
1883
1888
1889
1895
1896
1901
1904
1908
1910
1915
1917
1920
1922
1924
1925
1925
1923
1922
1919
1916
1912
1905
1898
1890
1882
1872
1863
1851
1843
1833
1822
1812
1803
1794
1786
1777
1771
1765
1760
1756
1753
1751
1748
1749
1749
1753
1757
1761
1768
1774
1781
1790
1800
1809
1821
1833
1846
1859
1873
1885
1900
1915
1928
1942
1955
1968
1979
1992
2002
2013
2023
2032
2040
2047
2053
2058
2064
2066
2069
2071
2073
2073
2074
2074
2075
2073
2072
2071
2070
2069
2067
2067
2066
2064
2064
2064
2064
2064
2064
2064
2064
2067
2067
2070
2072
2075
2078
2081
2085
2089
2093
2099
2102
2109
2112
2120
2125
2130
2136
2141
2148
2154
2160
2167
2173
2179
2185
2189
2196
2202
2208
2211
2215
2219
2222
2224
2227
2227
2229
2229
2229
2228
2226
2224
2221
2217
2213
2209
2203
2199
2193
2188
2182
2176
2171
2165
2160
2156
2152
2148
2147
2144
2144
2142
2144
2145
2149
2153
2157
2163
2169
2176
2184
2193
2201
2212
2221
2232
2241
2253
2263
2275
2285
2296
2307
2317
2328
2337
2348
2355
2365
2373
2381
2387
2393
2398
2403
2407
2409
2411
2413
2414
2415
2415
2413
2413
2411
2412
2408
2409
2405
2406
2405
2404
2403
2401
2400
2399
2397
2396
2395
2393
2393
2391
2389
2387
2386
2384
2382
2380
2377
2376
2372
2369
2365
2363
2358
2356
2352
2349
2344
2341
2336
2333
2329
2325
2321
2318
2315
2311
2309
2305
2303
2299
2298
2295
2296
2293
2293
2291
2292
2291
2292
2291
2291
2291
2291
2291
2292
2292
2293
2294
2293
2296
2297
2299
2301
2303
2305
2307
2311
2313
2316
2320
2323
2327
2330
2333
2337
2339
2343
2346
2349
2352
2355
2357
2360
2363
2365
2367
2369
2370
2371
2372
2372
2373
2373
2374
2373
2373
2372
2371
2370
2369
2367
2365
2363
2360
2358
2355
2353
2351
2348
2347
2344
2341
2338
2337
2333
2331
2329
2327
2325
2323
2323
2323
2321
2322
2322
2324
2324
2328
2329
2336
2338
2345
2351
2359
2367
2375
2385
2394
2404
2412
2424
2433
2443
2453
2461
2471
2480
2488
2496
2503
2510
2515
2521
2524
2528
2531
2531
2532
2531
2529
2525
2520
2513
2507
2499
2489
2479
2466
2456
2443
2432
2419
2408
2396
2385
2374
2364
2355
2346
2339
2331
2326
2320
2317
2315
2314
2315
2315
2317
2320
2325
2328
2336
2340
2349
2355
2363
2371
2379
2388
2396
2405
2412
2420
2426
2433
2437
2443
2447
2450
2453
2456
2457
2456
2457
2457
2455
2453
2451
2447
2442
2437
2432
2427
2419
2413
2407
2398
2390
2381
2373
2361
2353
2343
2332
2323
2313
2303
2292
2283
2273
2265
2256
2249
2241
2235
2229
2222
2219
2213
2210
2208
2207
2204
2204
2204
2204
2205
2205
2209
2211
2216
2219
2224
2229
2234
2240
2245
2253
2259
2266
2272
2280
2285
2292
2297
2304
2309
2314
2319
2321
2323
2323
2324
2321
2320
2316
2311
2307
2299
2291
2283
2273
2263
2251
2238
2225
2211
2197
2183
2168
2153
2136
2120
2103
2087
2071
2055
2039
2023
2007
1992
1977
1962
1949
1936
1925
1913
1905
1896
1889
1883
1877
1875
1870
1870
1868
1871
1872
1873
1877
1881
1888
1892
1899
1905
1912
1919
1927
1935
1941
1949
1955
1961
1968
1974
1980
1985
1989
1993
1996
1997
1998
1996
1997
1995
1992
1989
1983
1977
1970
1961
1952
1941
1928
1916
1904
1889
1875
1861
1846
1830
1816
1800
1786
1770
1757
1744
1732
1721
1709
1700
1691
1684
1676
1673
1669
1667
1667
1667
1668
1671
1673
1678
1683
1688
1697
1705
1712
1721
1729
1739
1747
1757
1767
1777
1785
1795
1805
1813
1822
1830
1838
1844
1852
1857
1863
1867
1871
1875
1878
1878
1881
1884
1885
1886
1884
1886
1885
1885
1885
1883
1881
1878
1876
1872
1868
1863
1859
1850
1846
1840
1831
1824
1813
1805
1793
1785
1773
1764
1754
1744
1732
1723
1712
1701
1692
1683
1675
1667
1659
1652
1645
1640
1633
1630
1627
1624
1621
1618
1618
1616
1616
1617
1617
1619
1620
1623
1624
1628
1631
1634
1639
1641
1646
1649
1654
1657
1663
1667
1671
1676
1680
1684
1687
1692
1696
1699
1703
1705
1709
1712
1715
1716
1720
1722
1726
1729
1731
1733
1733
1736
1736
1737
1736
1736
1736
1733
1733
1729
1729
1725
1724
1720
1720
1717
1715
1713
1713
1712
1712
1711
1709
1712
1711
1712
1713
1713
1715
1716
1718
1720
1722
1724
1726
1729
1731
1734
1734
1738
1739
1741
1744
1747
1749
1751
1753
1755
1757
1760
1761
1764
1765
1768
1769
1771
1772
1776
1776
1776
1780
1781
1784
1785
1787
1788
1789
1791
1792
1792
1791
1793
1793
1794
1794
1793
1793
1793
1792
1789
1788
1788
1786
1784
1782
1781
1778
1776
1773
1772
1769
1765
1763
1760
1756
1752
1749
1745
1741
1737
1733
1729
1723
1720
1717
1713
1712
1707
1707
1707
1705
1707
1708
1711
1713
1717
1720
1727
1733
1738
1745
1752
1760
1767
1773
1782
1789
1796
1804
1811
1818
1825
1830
1836
1841
1848
1851
1857
1861
1867
1872
1875
1880
1883
1887
1889
1893
1895
1897
1898
1898
1899
1896
1896
1893
1890
1885
1880
1874
1866
1859
1850
1841
1832
1824
1812
1803
1793
1784
1776
1768
1760
1752
1747
1741
1736
1733
1729
1728
1725
1727
1726
1729
1731
1737
1739
1747
1752
1761
1769
1777
1787
1798
1809
1820
1831
1843
1855
1867
1877
1889
1900
1909
1919
1928
1936
1943
1950
1955
1960
1963
1965
1966
1968
1966
1965
1962
1960
1956
1952
1946
1943
1937
1933
1926
1922
1916
1912
1906
1904
1897
1895
1889
1888
1883
1881
1880
1877
1876
1875
1875
1873
1873
1873
1875
1873
1877
1877
1880
1881
1885
1886
1890
1893
1896
1900
1904
1908
1912
1916
1920
1924
1928
1933
1936
1941
1944
1948
1953
1955
1958
1961
1962
1964
1963
1964
1963
1960
1959
1955
1951
1945
1940
1933
1928
1919
1913
1906
1899
1891
1883
1876
1869
1862
1855
1849
1845
1840
1837
1833
1832
1829
1831
1829
1832
1831
1834
1836
1841
1844
1850
1854
1861
1865
1873
1880
1889
1896
1904
1912
1919
1927
1934
1942
1949
1956
1962
1968
1973
1978
1982
1985
1989
1991
1992
1993
1993
1994
1994
1995
1993
1992
1992
1991
1988
1987
1984
1983
1980
1978
1975
1973
1971
1968
1965
1962
1959
1956
1952
1949
1945
1941
1938
1933
1930
1927
1923
1920
1915
1912
1907
1904
1899
1896
1891
1888
1884
1880
1876
1873
1869
1867
1863
1859
1857
1852
1851
1848
1845
1843
1842
1840
1840
1838
1837
1837
1837
1837
1836
1840
1840
1841
1843
1847
1850
1854
1858
1864
1868
1874
1879
1885
1889
1895
1899
1905
1909
1915
1918
1923
1928
1931
1936
1939
1942
1945
1949
1952
1955
1958
1962
1965
1968
1969
1971
1972
1976
1977
1977
1979
1979
1979
1980
1979
1978
1976
1976
1973
1973
1971
1969
1966
1964
1961
1957
1955
1952
1948
1946
1944
1940
1937
1933
1933
1928
1927
1923
1923
1921
1919
1917
1915
1914
1913
1912
1911
1910
1909
1909
1909
1909
1909
1910
1911
1912
1912
1915
1914
1917
1917
1921
1923
1925
1927
1929
1932
1933
1936
1937
1939
1940
1941
1942
1941
1941
1941
1940
1939
1938
1936
1936
1933
1931
1929
1925
1925
1922
1920
1918
1916
1913
1911
1908
1906
1904
1901
1899
1896
1893
1890
1888
1884
1882
1877
1876
1872
1872
1868
1867
1867
1865
1865
1864
1865
1865
1865
1867
1869
1870
1873
1876
1880
1884
1889
1891
1899
1904
1908
1913
1916
1923
1927
1933
1938
1943
1949
1954
1960
1964
1969
1975
1979
1984
1989
1994
1999
2003
2008
2012
2017
2021
2024
2027
2029
2032
2033
2033
2033
2033
2032
2029
2027
2022
2018
2012
2006
2000
1992
1984
1976
1968
1960
1952
1944
1937
1931
1924
1918
1913
1908
1905
1901
1899
1896
1896
1896
1897
1897
1901
1904
1909
1914
1921
1927
1937
1945
1955
1967
1977
1991
2003
2016
2031
2045
2058
2074
2087
2103
2117
2132
2145
2160
2172
2184
2195
2208
2217
2226
2234
2241
2249
2253
2259
2263
2267
2269
2273
2273
2275
2276
2277
2277
2275
2277
2274
2274
2273
2272
2270
2270
2269
2267
2266
2263
2264
2261
2262
2261
2260
2260
2259
2259
2259
2259
2260
2261
2262
2264
2265
2267
2269
2270
2273
2277
2278
2282
2287
2289
2293
2297
2302
2305
2309
2313
2315
2320
2320
2324
2326
2328
2329
2329
2331
2330
2329
2327
2326
2324
2321
2318
2315
2311
2307
2304
2300
2297
2293
2289
2286
2283
2280
2276
2275
2272
2272
2269
2269
2270
2270
2272
2273
2277
2280
2285
2291
2296
2302
2309
2317
2324
2334
2342
2352
2361
2369
2379
2387
2396
2403
2411
2418
2424
2430
2437
2442
2446
2449
2453
2456
2457
2461
2461
2464
2464
2464
2465
2464
2464
2463
2464
2462
2461
2461
2459
2458
2457
2455
2453
2452
2451
2450
2449
2448
2446
2445
2443
2439
2438
2437
2434
2432
2429
2426
2423
2420
2416
2413
2409
2406
2402
2397
2393
2389
2385
2379
2376
2371
2367
2361
2357
2354
2349
2346
2341
2339
2335
2332
2328
2328
2325
2323
2321
2320
2320
2317
2316
2315
2315
2315
2317
2317
2319
2321
2324
2327
2330
2336
2339
2344
2349
2355
2361
2366
2372
2379
2385
2392
2400
2406
2416
2424
2432
2441
2449
2460
2468
2480
2489
2500
2509
2519
2528
2536
2545
2551
2560
2565
2571
2576
2580
2583
2585
2586
2585
2585
2583
2580
2576
2571
2565
2558
2552
2544
2536
2528
2519
2512
2503
2496
2487
2481
2473
2467
2461
2457
2453
2448
2447
2445
2444
2445
2444
2445
2446
2449
2453
2455
2459
2463
2467
2472
2475
2481
2486
2489
2495
2499
2502
2505
2509
2511
2513
2514
2514
2515
2515
2513
2514
2512
2510
2508
2504
2501
2499
2493
2489
2483
2477
2469
2464
2455
2448
2440
2431
2422
2411
2402
2392
2381
2372
2361
2352
2343
2333
2324
2314
2308
2301
2293
2289
2284
2281
2279
2277
2277
2277
2279
2283
2285
2291
2296
2303
2309
2317
2326
2333
2342
2351
2361
2369
2378
2387
2395
2403
2411
2418
2424
2430
2435
2440
2443
2448
2451
2452
2454
2453
2453
2451
2449
2446
2441
2435
2427
2420
2410
2400
2387
2376
2363
2349
2335
2320
2304
2288
2273
2258
2243
2229
2215
2201
2188
2177
2167
2157
2148
2139
2132
2124
2119
2113
2109
2104
2101
2097
2093
2091
2088
2087
2085
2082
2081
2078
2077
2076
2075
2073
2072
2069
2068
2067
2065
2064
2062
2060
2059
2057
2055
2054
2052
2051
2048
2047
2045
2043
2041
2037
2037
2036
2034
2032
2031
2029
2027
2024
2024
2022
2018
2017
2015
2010
2009
2006
2001
2000
1996
1991
1989
1985
1981
1977
1973
1968
1965
1960
1955
1952
1948
1944
1939
1933
1930
1925
1921
1916
1913
1909
1904
1901
1897
1895
1890
1889
1888
1885
1884
1883
1882
1880
1882
1881
1883
1884
1885
1886
1887
1888
1890
1891
1892
1892
1891
1890
1889
1885
1884
1881
1877
1873
1867
1864
1859
1852
1847
1840
1833
1825
1818
1811
1804
1797
1789
1784
1777
1771
1764
1761
1755
1752
1748
1747
1745
1744
1744
1745
1747
1747
1751
1753
1760
1764
1769
1776
1781
1788
1792
1801
1807
1814
1820
1828
1835
1842
1849
1856
1862
1867
1874
1879
1885
1889
1893
1896
1899
1901
1902
1904
1901
1904
1901
1901
1899
1898
1897
1894
1893
1892
1890
1888
1888
1886
1884
1883
1881
1879
1875
1874
1872
1868
1866
1863
1859
1855
1851
1846
1841
1837
1832
1826
1820
1815
1808
1803
1797
1792
1786
1780
1776
1770
1763
1760
1756
1752
1747
1744
1741
1736
1733
1729
1728
1723
1722
1719
1717
1716
1715
1714
1713
1714
1715
1717
1718
1720
1723
1724
1729
1731
1738
1744
1749
1755
1762
1769
1776
1784
1791
1799
1806
1814
1822
1831
1839
1846
1854
1861
1869
1875
1881
1888
1893
1898
1902
1906
1909
1913
1915
1917
1919
1919
1920
1920
1917
1917
1916
1912
1910
1907
1904
1899
1893
1889
1883
1877
1872
1865
1858
1852
1845
1837
1831
1825
1817
1812
1806
1801
1796
1792
1788
1784
1780
1778
1777
1776
1774
1772
1774
1774
1777
1779
1781
1785
1787
1792
1796
1801
1806
1811
1817
1824
1829
1835
1841
1847
1853
1858
1864
1871
1875
1881
1885
1890
1892
1897
1900
1904
1905
1905
1907
1906
1905
1904
1902
1899
1897
1893
1889
1885
1879
1876
1872
1865
1861
1854
1851
1844
1841
1837
1833
1830
1827
1825
1823
1821
1820
1820
1820
1821
1821
1825
1828
1831
1835
1838
1842
1847
1851
1854
1860
1863
1869
1873
1877
1882
1886
1891
1896
1901
1905
1912
1916
1923
1928
1934
1940
1945
1952
1955
1960
1963
1968
1969
1973
1975
1975
1974
1973
1970
1966
1961
1954
1949
1939
1933
1924
1915
1905
1896
1886
1877
1867
1856
1848
1840
1832
1824
1818
1813
1809
1805
1803
1800
1801
1801
1805
1806
1811
1816
1822
1829
1837
1845
1855
1864
1875
1885
1897
1908
1919
1931
1941
1953
1963
1975
1985
1995
2004
2012
2020
2025
2033
2037
2042
2046
2048
2051
2051
2051
2052
2052
2049
2048
2045
2042
2039
2035
2032
2028
2024
2021
2017
2014
2011
2008
2005
2002
2001
2000
1998
1995
1995
1993
1994
1994
1994
1995
1995
1997
1997
1997
1997
1997
2000
2000
2000
2001
2001
2003
2002
2004
2003
2004
2003
2004
2003
2003
2002
2001
2001
2000
1999
1997
1995
1993
1991
1988
1985
1981
1977
1973
1969
1963
1959
1953
1947
1941
1936
1928
1924
1917
1912
1906
1901
1896
1892
1888
1885
1883
1881
1881
1880
1881
1883
1885
1888
1892
1896
1901
1905
1913
1919
1928
1934
1943
1951
1959
1968
1976
1984
1991
1998
2005
2012
2018
2025
2032
