Sampling rate=500
1848
1847
1843
1841
1840
1834
1831
1827
1822
1819
1813
1809
1805
1801
1797
1793
1789
1784
1783
1780
1776
1773
1769
1769
1767
1764
1761
1760
1760
1757
1756
1755
1753
1753
1752
1753
1752
1751
1753
1753
1755
1756
1757
1760
1761
1767
1769
1773
1777
1781
1786
1792
1796
1801
1808
1812
1816
1824
1827
1831
1836
1840
1841
1845
1848
1848
1850
1850
1848
1848
1847
1842
1841
1836
1833
1828
1821
1816
1809
1803
1797
1789
1781
1776
1769
1761
1757
1752
1747
1744
1739
1737
1735
1735
1735
1735
1737
1739
1744
1746
1749
1756
1761
1768
1774
1781
1788
1797
1805
1812
1824
1831
1840
1850
1859
1867
1876
1885
1892
1900
1906
1911
1917
1921
1924
1928
1930
1931
1932
1932
1929
1929
1928
1925
1923
1920
1917
1913
1911
1907
1904
1900
1896
1895
1891
1886
1885
1883
1878
1877
1873
1869
1865
1861
1856
1853
1848
1841
1837
1833
1827
1822
1815
1809
1803
1796
1789
1781
1777
1769
1763
1757
1752
1745
1740
1735
1729
1725
1720
1716
1715
1712
1707
1707
1705
1704
1705
1705
1707
1708
1709
1712
1713
1717
1720
1724
1729
1733
1738
1742
1748
1753
1760
1765
1769
1776
1780
1785
1791
1796
1801
1805
1810
1815
1819
1824
1827
1829
1833
1836
1837
1840
1841
1842
1844
1845
1844
1845
1845
1844
1844
1843
1842
1841
1840
1837
1836
1835
1831
1830
1827
1824
1821
1816
1815
1812
1806
1805
1801
1797
1794
1792
1788
1785
1783
1779
1778
1776
1772
1772
1770
1768
1767
1765
1765
1764
1763
1764
1762
1764
1765
1765
1767
1769
1771
1773
1773
1779
1781
1783
1787
1791
1793
1797
1801
1804
1808
1810
1813
1816
1817
1820
1822
1825
1825
1825
1827
1828
1827
1827
1826
1825
1824
1822
1821
1817
1815
1812
1809
1804
1800
1794
1792
1787
1781
1777
1772
1767
1762
1756
1753
1749
1744
1741
1736
1733
1730
1727
1724
1723
1721
1720
1720
1720
1721
1721
1723
1725
1728
1732
1736
1740
1744
1751
1756
1763
1769
1776
1782
1789
1796
1803
1810
1817
1824
1831
1837
1845
1851
1857
1863
1869
1874
1880
1883
1889
1894
1898
1903
1907
1909
1913
1916
1919
1921
1923
1922
1924
1922
1921
1919
1914
1911
1905
1899
1891
1881
1873
1865
1854
1842
1831
1819
1807
1796
1784
1776
1765
1756
1747
1739
1733
1727
1722
1717
1715
1713
1712
1713
1714
1717
1722
1727
1733
1741
1747
1757
1768
1777
1791
1802
1815
1828
1841
1857
1870
1884
1899
1911
1924
1936
1947
1959
1969
1978
1986
1993
1999
2003
2008
2011
2011
2013
2012
2011
2009
2005
2003
2000
1996
1991
1986
1981
1975
1971
1965
1960
1955
1950
1945
1941
1936
1933
1929
1925
1923
1920
1917
1913
1913
1910
1909
1907
1904
1904
1904
1900
1900
1900
1898
1899
1897
1896
1898
1897
1899
1899
1901
1903
1904
1906
1908
1910
1911
1914
1915
1915
1917
1918
1916
1918
1917
1915
1915
1913
1912
1909
1907
1905
1901
1897
1893
1889
1886
1881
1876
1873
1869
1864
1861
1857
1852
1849
1847
1843
1843
1841
1841
1842
1844
1846
1848
1853
1857
1863
1869
1876
1883
1889
1898
1905
1913
1922
1931
1939
1947
1954
1961
1969
1974
1981
1987
1991
1996
2000
2004
2005
2007
2009
2009
2009
2009
2008
2007
2004
2001
2000
1997
1993
1991
1987
1985
1982
1977
1975
1972
1969
1965
1961
1959
1955
1953
1949
1946
1943
1940
1935
1933
1930
1927
1924
1920
1919
1915
1911
1909
1905
1904
1900
1897
1895
1891
1888
1884
1881
1880
1876
1874
1872
1869
1867
1865
1864
1860
1859
1856
1856
1855
1855
1854
1855
1855
1855
1858
1860
1864
1867
1872
1875
1879
1883
1888
1893
1896
1901
1905
1909
1913
1915
1920
1923
1925
1928
1930
1933
1935
1937
1940
1942
1946
1949
1952
1955
1957
1962
1965
1968
1972
1975
1979
1982
1983
1988
1991
1993
1996
1997
2000
2002
2004
2005
2004
2008
2008
2009
2009
2009
2011
2011
2011
2012
2012
2013
2012
2013
2015
2015
2016
2017
2019
2021
2024
2024
2029
2032
2035
2038
2041
2046
2051
2053
2059
2064
2069
2075
2080
2085
2090
2096
2100
2104
2110
2115
2119
2123
2129
2133
2138
2140
2147
2151
2156
2161
2164
2170
2174
2178
2184
2188
2193
2197
2201
2206
2209
2213
2216
2217
2221
2224
2224
2225
2227
2227
2228
2227
2227
2227
2225
2224
2221
2220
2217
2215
2212
2208
2207
2204
2201
2198
2195
2193
2190
2187
2187
2184
2184
2183
2184
2185
2187
2189
2192
2193
2198
2202
2208
2213
2219
2225
2230
2237
2244
2251
2256
2264
2269
2276
2282
2288
2294
2300
2307
2313
2320
2327
2333
2340
2347
2353
2360
2368
2375
2379
2387
2393
2398
2403
2405
2409
2411
2412
2411
2409
2407
2402
2397
2391
2382
2375
2365
2355
2344
2332
2320
2308
2296
2283
2272
2259
2249
2238
2228
2219
2210
2204
2197
2193
2188
2184
2184
2182
2183
2185
2189
2193
2199
2205
2214
2222
2233
2244
2256
2267
2281
2294
2307
2322
2336
2352
2368
2383
2398
2412
2427
2441
2456
2469
2482
2493
2504
2515
2525
2533
2541
2546
2553
2558
2561
2564
2565
2566
2566
2565
2563
2560
2556
2552
2545
2540
2535
2528
2520
2513
2505
2498
2492
2485
2477
2473
2467
2464
2460
2458
2456
2453
2455
2455
2455
2458
2461
2464
2469
2473
2480
2485
2493
2500
2507
2515
2521
2529
2536
2543
2550
2555
2561
2566
2571
2573
2575
2577
2577
2576
2575
2570
2567
2561
2556
2549
2541
2531
2521
2511
2500
2487
2476
2464
2452
2439
2426
2414
2403
2392
2380
2368
2360
2352
2343
2336
2329
2324
2320
2317
2314
2313
2315
2316
2320
2323
2329
2335
2341
2350
2359
2367
2378
2389
2400
2411
2422
2435
2447
2458
2469
2481
2492
2503
2513
2521
2531
2539
2547
2553
2560
2565
2570
2574
2577
2579
2584
2585
2587
2589
2592
2593
2595
2595
2596
2597
2598
2597
2598
2597
2596
2596
2594
2592
2589
2588
2584
2582
2577
2574
2569
2565
2560
2553
2548
2542
2536
2530
2523
2516
2510
2503
2496
2489
2481
2475
2467
2458
2452
2445
2437
2429
2422
2416
2408
2401
2393
2386
2378
2371
2364
2357
2350
2344
2338
2331
2325
2320
2313
2308
2302
2297
2292
2285
2281
2274
2271
2265
2259
2256
2251
2246
2243
2237
2234
2231
2227
2224
2220
2217
2216
2214
2212
2212
2211
2211
2211
2209
2209
2210
2209
2208
2207
2204
2201
2199
2193
2188
2182
2174
2165
2156
2144
2134
2121
2107
2094
2080
2064
2049
2034
2017
2003
1989
1973
1959
1944
1932
1920
1907
1899
1889
1881
1875
1869
1864
1863
1861
1860
1861
1861
1865
1869
1873
1877
1882
1889
1895
1901
1908
1913
1919
1925
1929
1933
1940
1943
1947
1950
1952
1955
1955
1955
1957
1956
1954
1955
1953
1952
1949
1945
1945
1941
1936
1933
1928
1921
1917
1910
1902
1896
1885
1879
1871
1861
1853
1843
1833
1822
1812
1803
1793
1783
1774
1764
1755
1745
1737
1729
1723
1716
1709
1704
1699
1696
1691
1689
1686
1684
1683
1682
1681
1683
1683
1685
1687
1688
1691
1693
1696
1700
1704
1707
1712
1716
1720
1725
1728
1733
1737
1741
1747
1751
1753
1760
1763
1766
1768
1770
1776
1776
1776
1779
1779
1776
1776
1776
1771
1768
1763
1757
1751
1744
1736
1726
1719
1709
1701
1691
1680
1672
1664
1656
1648
1641
1635
1632
1625
1621
1620
1616
1617
1619
1621
1623
1626
1633
1639
1645
1655
1664
1673
1683
1696
1707
1718
1730
1744
1756
1769
1783
1795
1808
1821
1833
1844
1855
1865
1875
1883
1892
1897
1902
1908
1911
1912
1915
1914
1913
1912
1909
1905
1900
1895
1889
1883
1877
1871
1861
1857
1849
1842
1835
1829
1823
1816
1809
1804
1800
1795
1791
1785
1782
1779
1776
1773
1768
1767
1763
1763
1761
1757
1759
1757
1754
1755
1755
1755
1756
1755
1756
1757
1757
1760
1762
1764
1768
1771
1772
1777
1781
1785
1788
1791
1796
1799
1802
1805
1808
1811
1812
1812
1814
1815
1815
1815
1812
1810
1809
1807
1802
1800
1796
1793
1789
1784
1781
1777
1773
1769
1765
1760
1759
1756
1753
1752
1750
1751
1751
1751
1755
1755
1757
1762
1766
1769
1776
1781
1786
1792
1797
1803
1809
1813
1820
1825
1829
1834
1840
1841
1845
1849
1851
1853
1856
1857
1857
1856
1858
1857
1857
1858
1857
1855
1856
1856
1856
1853
1852
1852
1850
1849
1848
1848
1846
1845
1843
1841
1841
1840
1840
1837
1836
1835
1833
1832
1829
1829
1825
1825
1824
1820
1819
1816
1813
1810
1806
1803
1799
1796
1792
1788
1785
1781
1777
1773
1771
1768
1764
1762
1760
1757
1756
1754
1753
1751
1751
1749
1746
1747
1746
1746
1745
1745
1745
1746
1747
1747
1748
1749
1751
1753
1754
1758
1760
1763
1767
1768
1772
1776
1777
1781
1785
1789
1791
1792
1797
1799
1801
1804
1805
1808
1808
1809
1808
1809
1811
1811
1812
1811
1813
1813
1812
1813
1813
1813
1813
1813
1813
1812
1812
1813
1812
1811
1812
1810
1808
1809
1808
1808
1808
1805
1805
1805
1803
1804
1804
1803
1803
1801
1803
1801
1801
1801
1801
1801
1801
1802
1802
1803
1803
1803
1803
1803
1804
1804
1805
1805
1804
1805
1805
1807
1808
1809
1810
1812
1812
1815
1816
1819
1820
1822
1824
1827
1827
1831
1832
1833
1836
1837
1837
1841
1842
1843
1845
1846
1848
1849
1849
1848
1851
1851
1850
1850
1849
1848
1847
1845
1843
1840
1837
1835
1832
1829
1825
1820
1818
1815
1811
1808
1804
1802
1799
1796
1796
1795
1794
1795
1795
1794
1797
1799
1801
1805
1807
1812
1817
1821
1827
1832
1836
1841
1847
1850
1855
1859
1863
1866
1871
1873
1875
1881
1884
1885
1889
1893
1897
1900
1903
1907
1911
1915
1918
1921
1925
1929
1931
1933
1935
1936
1936
1936
1934
1931
1926
1924
1919
1912
1907
1900
1893
1884
1875
1868
1859
1850
1842
1834
1826
1819
1811
1808
1802
1797
1795
1793
1791
1791
1791
1793
1795
1799
1803
1809
1813
1824
1832
1840
1851
1859
1872
1883
1895
1906
1918
1931
1944
1954
1969
1980
1989
2003
2013
2021
2032
2040
2047
2055
2059
2065
2069
2072
2074
2076
2075
2075
2072
2071
2068
2064
2061
2057
2052
2047
2041
2037
2032
2025
2021
2016
2009
2006
2001
1997
1993
1989
1987
1983
1980
1978
1976
1973
1971
1969
1968
1967
1963
1964
1962
1959
1959
1957
1957
1955
1955
1954
1953
1953
1953
1953
1955
1956
1955
1957
1958
1960
1960
1960
1961
1961
1961
1961
1959
1960
1956
1955
1952
1952
1947
1944
1939
1936
1932
1928
1923
1917
1913
1908
1904
1900
1896
1892
1889
1888
1883
1882
1881
1881
1881
1881
1884
1887
1889
1895
1900
1905
1913
1920
1929
1937
1947
1956
1968
1977
1987
1996
2008
2017
2027
2035
2044
2052
2058
2064
2071
2075
2080
2081
2083
2085
2085
2085
2085
2085
2083
2080
2078
2075
2069
2068
2064
2061
2057
2053
2049
2045
2042
2039
2035
2030
2027
2024
2019
2017
2012
2009
2007
2003
2000
1997
1993
1991
1988
1984
1981
1978
1976
1972
1969
1966
1963
1960
1957
1953
1950
1949
1945
1942
1940
1937
1934
1931
1929
1928
1927
1924
1924
1921
1921
1921
1920
1919
1921
1921
1922
1924
1925
1928
1930
1932
1936
1939
1940
1945
1949
1953
1957
1961
1965
1969
1973
1979
1984
1989
1995
2000
2006
2013
2018
2025
2032
2039
2046
2053
2060
2069
2076
2084
2091
2098
2105
2112
2117
2125
2131
2137
2144
2147
2153
2157
2160
2166
2169
2171
2175
2178
2181
2183
2185
2187
2189
2190
2192
2193
2193
2195
2195
2195
2197
2197
2199
2198
2197
2200
2199
2201
2201
2201
2201
2203
2203
2204
2204
2205
2206
2208
2209
2209
2212
2213
2216
2217
2220
2222
2224
2227
2230
2233
2236
2240
2243
2247
2249
2253
2257
2259
2263
2266
2269
2273
2278
2282
2286
2289
2295
2300
2303
2308
2312
2316
2319
2321
2325
2326
2326
2329
2329
2329
2329
2329
2328
2330
2329
2329
2328
2327
2328
2328
2327
2328
2328
2328
2328
2327
2328
2327
2325
2326
2325
2325
2325
2326
2326
2328
2330
2331
2336
2337
2343
2347
2351
2356
2361
2368
2373
2379
2385
2391
2396
2401
2406
2412
2416
2418
2423
2427
2430
2433
2436
2440
2441
2443
2445
2446
2447
2445
2444
2443
2439
2437
2433
2429
2425
2420
2415
2408
2401
2395
2388
2381
2373
2365
2356
2347
2339
2331
2323
2313
2307
2299
2291
2284
2277
2273
2269
2265
2262
2260
2260
2261
2263
2265
2269
2277
2284
2291
2302
2314
2328
2342
2357
2375
2392
2411
2429
2447
2467
2484
2504
2522
2539
2556
2572
2587
2600
2612
2624
2632
2640
2647
2652
2656
2656
2656
2654
2651
2647
2641
2633
2626
2616
2608
2597
2587
2576
2565
2555
2544
2534
2525
2517
2507
2501
2495
2489
2485
2481
2480
2478
2477
2478
2480
2483
2485
2489
2494
2499
2504
2509
2514
2519
2523
2528
2533
2537
2539
2544
2546
2548
2551
2551
2552
2552
2552
2551
2550
2548
2545
2541
2540
2536
2531
2528
2521
2515
2509
2503
2495
2488
2480
2471
2464
2454
2446
2437
2427
2418
2409
2400
2391
2381
2373
2365
2358
2352
2344
2340
2336
2330
2329
2327
2326
2327
2329
2331
2335
2339
2345
2353
2362
2372
2382
2394
2408
2420
2435
2450
2466
2481
2496
2512
2528
2541
2555
2568
2580
2592
2601
2610
2617
2624
2628
2632
2635
2638
2639
2640
2640
2640
2639
2636
2635
2633
2631
2629
2627
2625
2623
2620
2620
2617
2614
2612
2609
2608
2604
2601
2597
2592
2589
2584
2580
2574
2567
2563
2556
2549
2541
2533
2525
2517
2506
2497
2487
2475
2465
2453
2442
2429
2417
2404
2389
2377
2363
2349
2336
2321
2307
2294
2281
2267
2255
2242
2230
2217
2207
2195
2185
2175
2165
2155
2147
2137
2129
2120
2113
2105
2096
2091
2083
2075
2067
2059
2054
2046
2040
2033
2027
2021
2016
2008
2004
2000
1995
1991
1989
1985
1985
1984
1985
1985
1985
1990
1993
1997
2003
2007
2013
2019
2026
2033
2039
2048
2055
2061
2068
2073
2080
2083
2089
2093
2096
2099
2101
2104
2104
2105
2104
2101
2101
2098
2096
2091
2086
2083
2077
2069
2064
2057
2051
2043
2035
2027
2016
2009
2001
1992
1983
1973
1965
1957
1949
1940
1930
1923
1916
1908
1900
1892
1884
1877
1869
1864
1857
1852
1845
1839
1835
1830
1825
1821
1816
1814
1811
1809
1808
1804
1804
1803
1803
1803
1804
1805
1805
1806
1809
1811
1812
1815
1816
1820
1821
1824
1826
1826
1829
1829
1830
1830
1828
1829
1827
1825
1822
1817
1816
1812
1808
1805
1801
1796
1792
1788
1784
1780
1777
1773
